0.123164
0.0580294
0.0536871
0.0584242
0.052108
0.0832939
0.0528976
0.0438181
0.0568451
0.0481605
0.0477657
0.0457919
0.0457919
0.0453972
0.0461867
0.0453972
0.0446076
0.0580294
0.0469762
0.0457919
0.0501343
0.0481605
0.0477657
0.0446076
0.052108
0.050529
0.0584242
0.0517133
0.052108
0.0528976
0.0457919
0.135402
0.047371
0.0422391
0.050529
0.0501343
0.0418443
0.047371
0.0426339
0.0477657
0.0481605
0.0706617
0.073425
0.0540818
0.0497395
0.0576347
0.0671088
0.0556609
0.061977
0.0465814
0.047371
0.0481605
0.0509238
0.0477657
0.0430286
0.0485552
0.0430286
0.084873
0.0655298
0.04895
0.0450024
0.04895
0.0485552
0.0481605
0.0675036
0.0501343
0.0560556
0.104216
0.0548714
0.0477657
0.0596084
0.0726355
0.13106
0.113296
0.0513185
0.0611875
0.0568451
0.0461867
0.0430286
0.0457919
0.0434234
0.0481605
0.0434234
0.0497395
0.04895
0.047371
0.106979
0.0600032
0.0560556
0.0528976
0.0485552
0.0493447
0.0513185
0.0477657
0.0532923
0.0698722
0.0485552
0.0465814
0.0434234
0.0509238
