0.223038
0.20409
0.179615
0.151192
0.161851
0.148429
0.153561
0.153956
0.148824
0.336729
0.175273
0.161456
0.159087
0.238039
0.151192
0.147245
0.225012
0.288963
0.155929
0.149218
0.150008
0.148824
0.14606
0.477262
0.158298
0.153166
0.170535
0.169746
0.165798
0.148034
0.315017
0.187115
0.156719
0.156719
0.159087
0.170141
0.158298
0.270014
0.159482
0.163035
0.155535
0.151192
0.168167
0.348176
0.159877
0.151982
0.176457
0.14606
0.150008
0.172509
0.172904
0.18751
0.157114
0.15435
0.169746
0.153561
0.158693
0.283831
0.193037
0.166193
0.151587
0.16264
0.153166
0.374231
0.151982
0.161851
0.178036
0.164219
0.203695
0.243566
0.240408
0.153561
0.171325
0.157114
0.163035
0.197379
0.165798
0.149613
0.151982
0.17093
0.161456
0.1883
0.394363
0.231328
0.154745
0.152771
0.166588
0.168562
0.274752
0.174878
0.149218
0.149613
0.158693
0.185931
0.182378
0.241197
0.15435
0.156324
0.147639
0.15514
