0.00789516
0.00986895
0.00947419
0.0075004
0.00552661
0.00552661
0.00868467
0.00394758
0.00868467
0.0075004
0.00789516
0.00986895
0.00947419
0.0836887
0.0418443
0.00631613
0.0126323
0.0106585
0.00828992
0.00907943
0.00868467
0.00868467
0.00947419
0.00868467
0.00394758
0.00907943
0.00868467
0.0122375
0.011448
0.0126323
0.0126323
0.0142113
0.0047371
0.011448
0.0110532
0.00947419
0.0102637
0.0110532
0.00986895
0.0106585
0.00947419
0.00355282
0.0102637
0.0197379
0.0367125
0.0122375
0.0161851
0.0102637
0.0189484
0.0165798
0.0110532
0.00513185
0.0110532
0.00868467
0.00907943
0.00907943
0.00907943
0.00947419
0.00947419
0.0047371
0.00986895
0.00986895
0.0631613
0.0197379
0.0157903
0.145666
0.013027
0.00513185
0.00947419
0.0153956
0.0118427
0.0118427
0.0122375
0.0169746
0.0118427
0.00986895
0.0047371
0.0122375
0.0122375
0.87281
0.0252645
0.0832939
0.0264488
0.024475
0.00789516
0.0165798
0.013027
0.0150008
0.0142113
0.0142113
0.0126323
0.00513185
0.0264488
0.0406601
0.0225012
0.0169746
0.0288173
0.00789516
0.00710564
0.00434234
