0.0153956
0.0126323
0.00671088
0.0276331
0.00552661
0.00710564
0.00552661
0.00552661
0.0075004
0.00552661
0.00710564
0.0075004
0.0075004
0.00592137
0.00552661
0.00552661
0.00394758
0.00394758
0.00315806
0.00355282
0.00355282
0.00315806
0.00355282
0.00355282
0.00355282
0.00315806
0.00315806
0.00315806
0.00355282
0.00315806
0.00315806
0.00513185
0.0102637
0.00355282
0.00828992
0.00355282
0.00394758
0.00434234
0.00434234
0.00276331
0.00355282
0.00315806
0.00315806
0.00355282
0.00315806
0.00355282
0.00355282
0.00355282
0.0382915
0.00276331
0.00552661
0.00355282
0.00355282
0.00315806
0.00315806
0.0075004
0.00513185
0.0047371
0.00434234
0.00394758
0.00394758
0.00355282
0.00315806
0.00315806
0.00355282
0.00394758
0.00671088
0.00355282
0.00315806
0.00434234
0.00276331
0.00315806
0.00355282
0.00276331
0.00315806
0.00315806
0.00315806
0.00315806
0.00315806
0.00315806
0.0371072
0.00355282
0.00315806
0.00671088
0.00671088
0.0047371
0.00355282
0.00355282
0.00315806
0.00355282
0.00315806
0.00355282
0.00276331
0.0047371
0.00315806
0.00315806
0.0047371
0.0106585
0.00315806
0.00434234
