0.0165798
0.0213169
0.013027
0.0126323
0.013027
0.0102637
0.0102637
0.0185536
0.00868467
0.0221064
0.0213169
0.0169746
0.00986895
0.0142113
0.0134218
0.00986895
0.013027
0.0157903
0.0197379
0.0217117
0.0169746
0.0213169
0.0757935
0.024475
0.00868467
0.0142113
0.0150008
0.0153956
0.0161851
0.0157903
0.0185536
0.0272383
0.0185536
0.0142113
0.0217117
0.0225012
0.0185536
0.0236855
0.026054
0.0201327
0.0205274
0.0122375
0.0213169
0.0288173
0.022896
0.04895
0.0280278
0.0221064
0.0217117
0.0319754
0.0150008
0.0177641
0.0201327
0.0221064
0.0221064
0.0232907
0.0252645
0.0217117
0.0169746
0.0213169
0.0185536
0.0232907
0.0221064
0.0197379
0.0185536
0.0177641
0.0126323
0.0213169
0.0213169
0.0232907
0.0213169
0.0256593
0.0264488
0.0268435
0.0461867
0.0189484
0.0256593
0.0465814
0.0686879
0.0236855
0.0197379
0.0177641
0.0181589
0.0157903
0.063556
0.0213169
0.047371
0.0248697
0.0221064
0.0442129
0.0165798
0.0268435
0.0217117
0.0189484
0.0197379
0.0181589
0.0173693
0.0205274
0.0138165
0.022896
