0.0323702
0.0296068
0.0303964
0.0276331
0.0303964
0.0706617
0.0430286
0.0355282
0.0430286
0.0185536
0.0173693
0.0268435
0.0284226
0.0177641
0.0252645
0.0177641
0.0240802
0.0169746
0.0173693
0.0288173
0.024475
0.0284226
0.0169746
0.0177641
0.0173693
0.0181589
0.0201327
0.0177641
0.0177641
0.0185536
0.0256593
0.0221064
0.0268435
0.0248697
0.0221064
0.0639508
0.0367125
0.0323702
0.0327649
0.0193431
0.0193431
0.0173693
0.0177641
0.0177641
0.0177641
0.0173693
0.0150008
0.0169746
0.0173693
0.0311859
0.0181589
0.0177641
0.0185536
0.0177641
0.0177641
0.0181589
0.0205274
0.0177641
0.0177641
0.0189484
0.0339492
0.0832939
0.0532923
0.0173693
0.0165798
0.0197379
0.0177641
0.0209222
0.0256593
0.0173693
0.0173693
0.0169746
0.0177641
0.0213169
0.0193431
0.0185536
0.0177641
0.0181589
0.0169746
0.0185536
0.0185536
0.0177641
0.0169746
0.0165798
0.0165798
0.0173693
0.0169746
0.0323702
0.0639508
0.0355282
0.0236855
0.0288173
0.0272383
0.0185536
0.0185536
0.0272383
0.0177641
0.026054
0.0165798
0.0173693
