0.660825
0.695169
0.650956
0.679378
0.665957
0.673852
0.963209
0.727539
1.22572
0.66872
0.804517
0.671088
0.652535
0.647798
0.666351
0.74254
0.642666
1.33547
0.629244
0.738592
0.64385
0.671088
0.637929
0.594505
1.08756
0.640297
0.681747
0.643061
0.622928
0.662799
0.617796
1.38244
0.695169
0.769778
0.656482
0.711749
0.658851
0.665957
0.655298
0.614243
0.837282
0.650956
0.615822
0.658061
0.611875
0.665167
0.632007
0.64464
0.653719
0.653719
0.658061
0.678984
0.608717
0.632402
0.666351
0.665957
1.04808
0.800964
0.72517
0.70938
0.656088
0.656877
0.699511
0.731486
0.589768
0.665957
0.629639
0.653719
0.662799
0.607532
0.621349
0.618191
0.727539
0.615822
0.657667
0.631613
0.611085
0.673457
0.617007
0.843992
0.617796
0.755172
0.617796
0.673852
0.64464
0.687668
0.727539
0.620954
0.656088
0.70109
0.649772
0.694379
0.756356
0.685695
0.666351
1.53719
0.728328
0.650561
0.642271
0.682536
