47
-959
-533
-666
-500
169
724
478
358
-38
-536
705
-855
281
-173
961
-509
-5
942
-173
436
-609
-396
902
-847
-708
-618
421
-284
718
895
447
726
-229
538
869
912
667
-701
35
894
-297
811
322
-667
673
-336
141
711
-747
-132
547
644
-338
-243
-963
-141
-277
741
529
-222
-684
35
-810
842
-712
-894
40
-58
264
-352
446
805
890
-271
-630
350
6
101
-607
548
629
-377
-916
954
-244
840
-34
376
931
-692
-56
-561
-374
323
537
538
-882
-918
-71
-459
-167
115
-361
658
-296
930
977
-694
673
-614
21
-255
-76
72
-730
829
-223
573
97
-488
986
290
161
-364
-645
-233
655
574
-969
-948
350
150
-59
724
966
430
107
-809
-993
337
457
-713
753
-617
-55
-91
-791
758
-779
-412
-578
-54
506
30
-587
168
-100
-409
-238
655
410
-641
624
-463
548
-517
595
-959
602
-650
-709
-164
374
20
-404
-979
348
199
668
-516
-719
-266
-947
999
-582
938
-100
788
-873
-533
728
-107
-352
-517
807
-579
-690
-383
-187
514
-691
616
-65
451
-400
249
-481
556
-202
-697
-776
8
844
-391
-11
-298
195
-515
93
-657
-477
587
314
503
448
200
458
-382
-420
796
-202
281
589
-202
-991
157
-528
622
-462
-708
-962
-821
-810
657
958
-809
815
-112
156
511
-798
-366
-728
-945
-672
-354
-638
-114
-125
-567
869
-858
844
416
881
998
-678
-349
-979
699
557
-524
892
-611
75
-288
-400
-490
3
-131
861
-312
401
789
255
-577
2
-415
-818
-715
88
426
-383
757
832
-68
-831
-846
721
189
976
329
-632
-308
425
-445
434
-451
441
512
-855
-940
718
753
-861
-577
-721
996
-313
-471
-451
437
866
-51
-807
195
297
-584
-714
-895
-512
-718
-545
734
-886
701
316
-329
786
-737
-687
-645
185
-947
-88
-192
832
-55
-687
756
-679
558
646
982
-519
-856
196
-778
129
-839
535
-550
173
-534
-956
659
-708
-561
253
-976
-846
510
-255
-351
186
-687
-526
-978
-832
-982
-213
905
958
391
-798
625
-523
-586
314
824
334
874
-628
-841
833
-930
487
-703
518
-823
773
-730
763
-332
192
985
102
-520
213
627
-198
-901
-473
-375
543
924
23
972
61
-819
3
432
505
593
-275
31
-508
-858
222
286
64
900
187
-640
-587
-26
-730
170
-765
-167
711
760
-104
-333
285
-450
-860
694
-305
624
-981
-875
-424
694
-342
-698
371
-534
-322
-407
851
484
18
-536
119
152
-200
-913
60
926
10
-243
-830
-685
576
-773
-957
-242
164
109
882
86
565
487
577
-526
-375
627
629
928
423
-480
-98
-38
-877
-404
737
261
-805
-475
264
-740
-798
-884
30
-674
11
-229
-589
547
153
520
790
-76
-812
763
-60
-149
-338
829
-100
713
-42
578
-635
7
477
200
-942
-561
-697
-240
357
-676
-523
108
113
-113
801
-150
-540
-572
-7
384
405
-460
111
-296
-165
-644
-928
350
-177
-515
-444
216
626
357
-474
357
337
271
869
361
-104
22
617
-888
-283
-304
585
-959
-577
-871
-771
-435
-441
-68
-704
855
-947
-38
584
734
-346
-28
457
-631
-468
-37
-393
-517
-89
635
-933
-152
-325
-62
-777
-858
754
-489
-259
-825
459
825
221
870
626
934
205
783
850
398
-721
-299
-807
-266
637
-466
556
993
-824
705
-38
-452
881
-700
-587
-359
855
-145
142
462
611
-123
-576
-322
752
-557
-704
-327
-960
313
-125
-928
-182
-390
17
-68
-888
-305
169
831
-960
-512
-315
90
497
-411
990
145
353
314
-349
-260
-956
258
-665
-241
192
605
264
-819
-497
829
775
-392
292
997
549
556
561
627
-533
541
-871
240
813
174
-399
-923
-785
-317
-787
992
824
601
392
759
-330
-572
-973
-916
-925
-214
498
-30
-713
847
-396
-497
221
-337
706
-637
10
-829
489
-760
-836
542
619
-87
591
-296
818
232
-250
205
-25
539
-697
422
98
247
584
648
-29
864
-87
75
545
-288
546
-322
769
262
-481
985
-711
944
-135
-460
245
508
-682
870
601
-677
132
-528
152
87
-430
763
901
103
-577
527
600
-31
-985
565
-972
543
347
-912
-57
-363
-591
-537
49
-319
588
342
-392
-940
221
758
954
-112
-854
-310
949
-157
430
620
-252
67
-464
-217
-965
-774
185
38
853
629
224
748
923
359
-743
-234
-56
-45
318
-274
411
25
-645
1
-451
496
-416
515
964
342
-925
913
-858
196
948
72
-574
-394
-827
-571
-596
-295
-374
812
375
-907
-435
-964
-264
141
-186
994
-744
-348
936
-162
-518
355
15
131
-770
841
-375
-989
-363
-814
690
650
662
634
-107
-647
416
452
-992
262
-767
454
-697
-366
-697
-744
-852
124
-683
-787
109
-972
200
80
318
-142
-950
-845
361
264
903
676
643
-91
-98
561
-511
-52
282
653
-326
-780
402
-77
831
369
878
-741
8
-381
971
-997
945
781
-496
-608
-315
313
-302
589
-278
938
37
-590
461
-766
-492
961
959
-507
515
269
-63
-131
-942
-300
971
-736
117
-785
-445
815
-670
39
-788
288
-918
954
-915
-290
-516
-226
-620
815
951
-459
-885
679
110
898
73
-212
977
-868
956
-311
-887
-992
-59
790
723
363
-972
184
-222
200
71
885
974
71
333
-133
-847
-705
-832
-175
676
629
-350
-402
309
-307
-314
-920
-884