-523
-977
272
-172
435
549
-483
9
743
-133
265
590
-109
-631
538
604
776
-788
-9
-307
409
620
-803
-338
128
-900
-241
-158
-560
-911
494
-358
620
486
-854
964
486
271
-57
466
474
445
788
349
827
-46
504
281
-754
757
285
-886
-650
-168
673
-57
-688
232
-117
239
768
-411
683
-791
987
-205
245
912
-361
-65
-752
479
207
230
954
601
940
-957
718
412
-623
-377
472
983
885
686
-280
-743
-298
-561
-394
-724
924
-348
37
35
699
316
890
367
606
221
975
520
-208
-435
547
-742
684
531
-171
782
-295
-838
689
923
-130
342
282
-804
-820
969
72
-285
-949
-264
755
174
-523
154
-271
-118
851
769
237
-699
676
604
73
-839
197
-405
-875
485
62
229
560
718
73
-921
-291
662
-776
574
682
475
-185
343
446
532
-432
-316
-639
472
286
-734
-911
-849
-396
233
594
76
-402
-396
533
-532
184
417
-36
616
14
-934
-4
-127
148
-490
-604
941
791
-134
589
-980
355
948
-749
81
-729
825
228
173
454
-691
-570
238
991
739
-147
-552
-433
54
877
-510
197
56
-227
-411
-138
536
429
-112
-461
585
841
-833
520
560
47
-419
-618
606
989
-216
403
960
462
-268
-608
-157
-937
-77
-389
-260
-308
-557
-730
919
-151
-888
-424
845
-514
556
-397
364
-502
-492
-122
338
-277
5
-589
-807
117
-57
227
-486
290
-584
-199
-661
-456
-764
-988
-726
433
740
-599
-817
135
-172
-367
-563
-866
-423
671
-278
263
659
-460
368
-718
848
-634
290
227
-542
-929
-894
-695
1
434
770
555
-493
-701
730
-925
-197
439
-806
-512
-336
-327
48
358
-720
-513
764
713
-987
-548
-830
-22
-234
-296
416
-351
-623
-163
-463
459
-568
-45
-895
-474
937
366
914
155
290
-554
-818
635
-907
936
846
238
456
-597
714
599
-959
-75
-926
-676
-656
863
749
276
-403
-666
-353
-574
-957
244
592
-239
269
175
139
-304
481
-529
-732
-287
666
-970
-194
109
-710
59
684
-454
-241
103
-394
-609
-907
196
-417
950
557
435
-988
-333
-131
-835
903
-27
791
-484
-851
-485
-882
-757
388
-503
711
91
874
-437
125
7
-630
121
727
-342
-664
-725
221
576
799
-81
-759
-389
712
-791
635
263
830
-486
336
783
32
-12
339
705
-330
940
868
-609
728
-15
537
-680
124
-3
354
-297
494
-438
865
554
-300
-698
714
629
-206
26
-537
-472
748
679
351
-801
-997
-558
280
-984
290
98
858
730
-447
551
262
-556
649
-515
55
-428
-111
-142
552
-871
-360
-140
-954
-373
44
-578
936
473
154
-667
-244
51
391
-466
931
-678
79
-798
176
580
269
388
429
885
-998
610
-673
-726
760
-901
42
55
-607
65
-72
-428
284
-274
-202
-477
-799
587
-912
997
652
175
750
-322
455
-107
-370
406
531
-511
165
-479
-873
964
-560
113
-611
-290
-512
763
-680
-812
821
264
-997
754
-278
316
854
-414
-575
524
818
302
-880
-341
-512
-318
-659
-426
-500
566
-778
754
552
-150
516
226
486
-398
737
-99
901
-251
967
-898
-735
881
843
-290
-492
-511
858
-816
-879
-894
-414
987
371
-510
-28
-482
-927
-647
281
-338
996
-787
451
115
-196
785
-667
564
-496
-163
453
784
-667
-28
-79
544
370
257
-912
-871
-703
340
923
901
343
876
731
500
648
613
-747
-689
693
-668
451
814
599
-784
212
-166
849
-748
-88
-859
209
450
180
569
535
-438
365
111
-183
11
-237
321
-394
345
443
850
-407
-336
-558
444
833
-264
-498
25
559
953
7
6
543
129
-249
70
395
228
541
-941
220
-285
-56
-822
658
384
738
-617
-362
737
635
30
782
-685
-920
-979
-575
752
204
446
412
4
-955
-175
244
-451
-6
-471
-868
-991
-684
-571
761
133
-70
-254
532
283
-127
-561
880
-165
-13
-430
589
629
560
521
-403
-811
163
-556
-379
-295
-185
-287
-666
-1
137
615
-836
-942
511
-617
-154
-57
-263
831
-345
-749
-649
290
-948
-705
-580
-939
-640
767
273
-966
-867
191
301
-622
387
879
500
-385
-291
-928
61
952
-30
-177
-936
-463
-950
610
-209
-22
-557
161
-179
-282
-702
183
-67
-305
-291
72
468
-297
-136
-155
849
50
-354
142
-556
-845
-541
-232
-115
-699
-232
847
-394
187
-465
-691
-636
633
351
140
-375
724
346
200
-162
-969
221
217
624
584
-185
-656
-648
-981
-930
367
-81
-826
-513
30
-655
-284
-956
699
162
685
-885
321
-498
-459
804
573
-267
452
811
-771
-776
-841
983
665
845
950
-174
-409
-103
213
-629
986
-338
190
584
906
418
622
719
666
-782
991
-41
566
103
279
-502
-133
345
-897
430
-980
-975
534
821
833
-765
-713
-607
-173
348
-376
-308
918
-200
244
-569
86
695
508
753
597
192
121
-181
-93
71
22
-439
991
-948
251
523
-35
-44
-20
61
-535
523
-700
828
235
953
-388
682
876
-843
289
292
199
776
-539
-158
131
660
-300
638
80
-380
-455
-71
-832
-859
-238
-166
633
-730
82
-1000
-440
364
-859
-901
-664
665
-167
29
-173
254
28
-681
984
110
-832
-583
397
-875
406
410
-537
-952
-310
-31
344
-401
-357
-845
-536
-463
558
206
-89
414
947
293
129
-413
-920
-915
-236
234
76
-985
-882
384
-153
-352
-453
555
-168
-219
-163
427
896
859
-676
799
653
701
-159
-596
729
215
-435
650
532
83
719
-704
-561
-222
-762
241
-197
-994
-380
-330
849
205
-476
78
787
984
-371
-861
898
973
-362
815
2
-959
-515
63
-789
-934
-173
583
930
-435
-918
982
-169
-765
290
812
256
802
448
-487
-874
-503
64
215
-707
907
-563
-582
-662
-576
-930
183
-655
328
-941
483
221
-463
560
349
-77
-117
905
847
313
-214
-16
-591
-766
-500
970
-161
157
668
856
-515
592
22
-267
-265
383
827
-501
61
-910
135
-900
479
-427
-94
-115
245
209
836
981
-61
699
-899
407
-805
219
84
427
355
560
-867
452
-200
-397
688
398
-125
569
-696
-10
843
557
857
319
875
-851
-810
946
-202
467
-654
-491
-920
-521
981
207
719
-862
-575
699
-230
-986
-490
-645
-768
765
-382
720
-763
-736
-291
-297
-456
-950
-459
-699
-656
427
-859
-90
696
-176
683
98
-360
131
570
754
535
-97
445
609
414
-968
-83
630
318
-568
-587
-910
-539
-868
-365
517
-355
321
818
805
-667
-279
246
-30
788
-606
8
227
-165
-423
675
-795
-950
-358
254
-682
390
-276
-21
365
-246
171
-978
844
267
-491
-590
872
-448
874
-23
697
370
941
-733
-659
-383
-32
65
321
-345
-273
-86
-717
-863
-68
-451
162
-118
-965
-408
135
-70
-466
520
728
688
724
-366
233
603
125
-878
-218
-240
65
930
-736
423
322
-514
-92
-362
-369
565
-574
-638
-437
-622
-581
851
-259
315
76
168
521
-902
587
-469
239
-661
-448
-170
-526
-219
742
118
-100
700
-766
606
-320
790
-77
399
-832
-515
634
455
544
-556
-292
-200
219
-482
-651
-53
580
299
448
-316
-881
132
340
888
770
297
433
140
-378
-455
540
-273
-750
82
247
-901
-950
730
-604
-696
-669
-195
-949
82
139
-233
-630
-324
-857
-444
973
116
957
-714
366
-567
-157
-328
814
298
471
-63
261
-191
-80
586
327
-559
53
323
-472
491
-403
99
881
823
310
671
578
993
90
653
234
-734
-753
-887
422
-255
974
488
22
377
519
-917
966
-195
-206
646
-676
441
89
98
797
-934
-540
-609
-427
465
-395
-194
438
-604
518
-738
944
726
15
-107
323
569
124
-782
369
-528
670
161
-985
825
-271
494
-963
-805
830
-451
300
701
-206
-439
303
-8
959
-52
206
-387
-31
639
455
-439
-349
-590
-323
-424
-461
222
502
-776
196
-151
-977
912
723
714
371
-192
620
-19
156
298
-851
-855
-503
466
443
448
-608
531
-796
695
294
450
149
951
-419
598
845
675
-755
584
433
-900
-601
567
-703
-991
-59
-769
-901
-102
-26
-613
-241
262
-855
729
659
324
-233
-34
968
927
-906
-151
796
542
923
396
417
411
368
-952
781
833
-426
-312
884
668
-532
-575
-796
844
-79
-40
911
922
951
-300
-658
-370
425
-570
451
720
-802
-473
480
-595
382
-575
614
-388
-796
192
-991
-62
5
-134
-334
-829
80
-36
541
26
886
935
-267
251
-276
76
292
-841
-49
596
527
-193
-713
-973
920
-195
127
-163
710
-417
803
137
483
341
635
-379
277
-722
-920
-566
-289
-771
-147
930
408
-270
448
632
141
-330
416
63
818
-185
984
-491
974
741
885
408
-40
748
85
778
-899
-829
-495
401
-204
-828
109
-269
-13
670
525
-816
802
727
746
688
352
197
-11
895
-602
-49
-982
373
-743
719
873
-85
68
-117
610
859
-875
596
-161
583
518
159
518
61
-833
-397
-834
938
-774
193
882
876
760
-262
-443
780
-446
78
-939
-132
-479
673
98
-243
258
419
-655
901
-811
-784
956
239
725
-875
-468
178
-579
-284
762
-713
-792
-262
530
-395
490
799
569
-593
253
413
656
785
-417
-652
-407
-201
362
606
666
735
-781
671
-336
-401
-392
847
-986
-86
212
507
-378
-673
-508
-680
-1
898
271
-614
-808
-448
-783
-476
-12
-307
89
688
-586
-704
-732
-654
358
737
745
568
-203
-175
647
-779
237
-357
907
670
-451
-454
39
-748
-988
-980
431
-524
-309
-475
-155
-901
-584
774
56
-323
-128
736
8
-104
-691
132
-642
788
-256
-996
-70
-273
649
-481
-132
-826
901
-639
-745
966
-73
313
-638
-220
-182
728
289
713
-59
-777
-204
-269
-160
-769
-865
632
582
382
250
-356
-148
457
601
-732
33
-227
894
-581
-474
-117
-467
-218
512
436
-175
52
812
-976
845
296
-798
773
758
-695
-323
358
111
281
650
570
980
-747
-673
-641
716
797
-882
718
777
-619
-935
-848
-287
-629
-824
-414
-126
-758
-759
-491
97
-338
248
-758
148
-408
-464
620
-383
229
624
781
-362
-294
561
-650
-453
-542
39
905
981
-532
-586
601
316
-706
967
45
-833
-961
-837
-400
774
-556
-1
525
-920
217
-176
-551
-914
674
257
-815
215
-942
-725
230
-418
-789
37
-730
-38
-409
-972
-339
612
696
-124
-900
958
171
-809
248
-878
-302
-450
758
728
145
742
438
860
473
-523
493
-305
404
213
-968
525
-96
-705
221
848
-832
-916
-380
-909
-162
232
119
-663
566
-568
262
-466
831
637
-306
-898
11
-486
-358
-731
834
547
730
503
41
-394
-589
-703
-263
-898
-985
63
-883
-683
999
-849
-357
538
-218
454
887
-988
912
-78
837
-826
91
-192
718
851
-723
623
852
211
-770
-411
-999
-985
-513
-272
29
921
987
863
327
488
477
-286
-154
-525
82
831
839
-381
-831
647
362
-594
-440
-248
-95
-439
-280
-620
441
-450
339
738
124
-49
5
-60
-11
-375
482
104
-347
380
430
611
-394
58
787
-949
-673
430
622
-253
407
-704
714
205
-51
406
-190
-485
935
588
785
-666
-87
23
476
963
-823
726
-78
707
529
266
627
425
900
248
975
530
757
413
96
16
-908
-95
251
807
730
703
547
-548
-745
-316
-465
-406
-854
790
-964
-953
-495
-393
278
-42
-719
746
-701
-578
-408
-587
-192
-948
-959
791
576
-76
-343
-292
946
958
-368
-737
627
831
-559
-321
-363
100
-363
-91
750
-346
-460
597
-173
-21
46
-861
838
-919
-102
792
221
-303
-707
-187
-794
-71
-307
-649
-184
-806
-762
988
-325
971
-579
980
683
-34
99
-244
-391
-534
668
359
-605
184
928
94
-668
866
-542
266
463
-87
431
286
360
166
-551
122
260
883
-827
-34
706
-54
-526
-292
346
670
-180
-734
69
378
927
38
-116
359
767
978
-970
-79
-809
-110
93
444
-191
507
-960
-477
-778
-353
-850
225
262
382
-31
740
-999
-145
-695
526
-713
863
-21
-34
-522
345
-791
-114
-94
-280
643
606
-558
361
-17
-62
-183
-205
709
-201
-503
795
-258
252
367
-860
-897
-145
-245
52
-144
-555
-738
-3
-350
-211
-935
-295
127
-553
-573
503
276
-735
-325
246
781
803
815
-737
-240
316
-419
777
-467
828
-216
-297
-556
-524
-626
-892
535
-598
935
-559
786
-607
320
414
-56
857
-88
-696
496
691
-294
-174
-784
583
-867
-489
-24
-695
665
206
98
-582
619
-209
24
-533
-150
934
-505
-25
75
694
787
465
-238
639
508
460
682
-414
495
122
935
948
559
119
138
466
373
-250
-940
341
-907
-452
-594
918
-732
-788
-935
-381
-873
-429
114
-958
750
-251
728
261
977
-264
-975
606
-535
783
953
405
626
153
-835
-455
127
780
-569
-620
-817
347
-277
81
63
544
-751
-574
-560
662
291
29
698
598
-22
727
-175
-540
-731
180
-777
347
-598
-835
82
423
-945
-813
-193
-191
330
-909
-889
544
344
75
689
205
-244
-276
217
856
-952
-240
-720
650
-912
-34
67
778
173
843
48
932
576
-237
598
-665
616
857
-20
-834
661
491
933
929
-915
250
-109
-307
288
-712
-214
-943
-441
-173
-90
-774
290
241
-736
-334
-926
-308
-852
-588
-108
-784
-842
-173
159
-958
-161
-837
448
-604
-750
-104
196
678
108
486
437
303
-677
-999
41
845
630
94
-600
-7
-946
-606
204
542
-876
-431
-419
-357
827
-799
-498
23
-962
561
834
101
-795
-100
-268
456
-364
210
917
-407
-523
792
-90
-10
408
-225
889
-931
391
-861
835
-694
-961
-827
69
573
444
827
-805
336
-605
102
-684
7
22
-236
948
8
772
8
790
157
47
-169
86
696
-94
467
814
-810
467
605
511
-617
-347
439
-174
942
929
440
527
-460
886
-557
47
-847
-530
-390
605
-291
-29
-529
242
-668
-158
-580
225
-119
718
-412
351
252
857
-135
-25
430
351
-898
750
788
-253
-928
290
219
717
993
760
-244
-908
693
199
32
-151
-127
-657
933
-556
-144
-514
-975
-636
-1000
-668
22
145
-947
709
-105
-253
-492
319
634
136
123
-756
-18
-510
375
-454
-561
48
-435
-38
168
719
469
982
-887
287
-660
-234
633
-710
-679
-364
-323
995
-94
463
249
620
-944
-867
566
955
-943
421
-539
-499
-340
-84
163
-262
378
397
334
588
499
-530
199
-885
-634
465
232
874
78
-663
-200
-152
993
958
-243
671
58
-318
-383
65
-294
820
312
-796
602
197
-864
-357
116
-22
-694
-376
115
-527
-840
-322
-664
-281
-392
188
782
-679
-384
-777
-288
186
170
-234
42
-732
-542
-124
-338
946
-19
753
-296
-162
-403
-678
595
-89
115
-613
221
-763
-396
578
-360
864
-434
694
931
365
-244
184
-935
106
265
-1000
984
-611
402
411
-43
807
-593
-773
686
943
35
112
-769
-323
49
206
-599
435
546
959
576
-189
708
-910
164
-403
725
-893
883
-585
-623
94
380
355
168
-66
-617
-389
-684
-597
948
-800
41
660
273
723
189
-968
223
787
-822
-261
503
137
-110
-537
-823
801
-797
913
-170
314
-901
-2
-897
-402
-883
790
-132
374
692
-552
-894
184
-152
926
-433
-765
-593
977
471
205
-970
-80
-155
458
-241
-402
42
-192
-723
-934
633
505
-722
290
311
440
-983
-598
-131
543
-152
-774
-240
-943
-137
646
-510
-332
526
386
-390
649
-661
-187
162
-642
-780
-563
815
-125
-628
-124
390
429
-445
-990
77
-216
275
435
976
-160
-952
-471
-810
-367
367
-363
323
445
3
994
-914
734
452
275
-459
925
201
-145
304
-622
391
-567
260
-275
-174
-875
-310
-811
707
935
847
719
-117
-386
428
-687
-952
-974
-360
727
709
-534
-435
965
887
-527
-24
750
-347
953
229
-491
343
-400
-229
611
-222
-237
-812
568
2
960
-32
373
666
-640
-582
-615
-999
485
619
-54
-387
-304
-611
-106
-196
119
-781
-373
-912
-539
295
-348
643
-910
-253
965
124
-716
-475
953
792
-890
-803
-503
-195
-888
856
256
730
231
34
-499
-829
-562
-344
265
236
-531
924
-614
-28
-198
652
471
580
-75
-620
-292
599
-863
867
-272
812
831
684
293
-342
140
-113
688
-923
559
-41
-470
-370
-324
-860
-362
-609
860
-724
-940
-906
-672
-563
53
385
-861
-73
-272
-804
304
-632
-604
-25
-187
183
-609
-852
646
-667
559
127
773
-399
-793
-505
-448
-165
-540
652
171
-405
720
273
-912
467
375
163
612
-526
649
930
-372
395
-417
833
127
-955
0
985
990
772
-362
771
-207
696
-627
-939
-92
-284
300
-261
-173
497
872
-422
289
772
693
658
-1
478
366
610
-358
995
567
577
854
-546
992
602
-774
994
45
374
-452
883
-556
881
975
-330
-153
-682
-902
967
594
572
-933
138
-9
789
268
-540
-488
-700
-188
-566
677
575
-383
890
-953
-10
340
-295
-516
643
814
-436
500
-702
682
875
-630
-77
-502
51
-136
-323
23
-740
-236
117
467
-230
-81
-145
-703
727
-335
-700
888
-31
813
-602
244
-641
-150
-544
605
810
-572
913
-580
-118
32
266
-613
-369
464
501
380
-415
-298
73
653
-406
-773
-612
954
802
866
168
147
-629
137
-367
-688
862
320
101
-445
-315
-914
117
-259
763
-352
932
-333
-47
146
-787
594
707
-925
266
-271
-518
-492
802
-506
-429
-494
-302
955
144
-556
224
-222
-899
-969
-260
-697
-75
-472
-441
-411
-730
849
-88
-212
563
-600
541
514
505
-956
-289
375
-716
-894
-742
397
-606
-841
123
-585
-904
822
-742
-127
-124
-604
-294
-895
-205
-613
143
141
-861
-612
-161
-723
-628
-248
396
-318
-229
-415
529
584
447
-132
939
999
615
522
-758
-288
-293
631
-152
454
971
-510
-791
458
-75
-273
868
-36
555
905
289
207
355
396
323
-659
49
-366
-216
426
786
-389
-178
-131
-742
-589
-200
-196
-15
-497
-638
-392
922
40
401
937
-988
347
-81
91
148
160
405
425
-910
330
281
888
-205
638
411
984
647
-345
-629
502
100
761
717
965
-461
501
-577
815
409
-947
-998
-569
585
89
807
944
535
264
-188
627
-16
-245
-905
-115
-551
238
755
-585
741
56
-391
-981
827
-138
-752
-221
343
-269
-249
-749
96
-502
-21
138
-694
991
-699
-587
781
-549
469
-714
277
-858
-459
355
-565
-342
-201
961
-620
374
-416
-462
-887
656
-407
-627
-329
31
-748
253
-601
-377
-900
-964
-400
-634
192
546
-836
303
-719
952
809
933
-278
482
-911
-758
704
-131
940
136
-935
805
612
672
-174
955
-375
210
156
388
646
-132
614
-587
-204
726
65
-915
-819
829
256
-812
-284
-162
-2
915
499
-778
-267
468
629
-857
-84
28
661
-210
-576
741
-553
-653
-281
81
-618
-511
-895
-597
749
390
991
-832
-455
317
345
-833
270
538
986
925
202
182
95
-372
-745
396
720
-659
-187
546
-722
-973
903
-276
686
986
365
397
868
616
-782
-656
-396
163
-121
-985
372
-157
-193
-783
326
-983
-820
-943
869
-464
458
700
622
274
-165
-172
914
958
899
-573
-408
921
340
89
536
-957
493
-854
21
828
94
-782
-198
-57
496
27
217
-915
403
672
-224
-315
711
66
254
354
942
-357
500
-850
866
209
-466
-602
500
-818
916
-315
693
253
924
-379
248
-889
275
-957
103
623
-884
723
-715
203
712
117
84
469
807
966
104
-416
381
-935
-628
-370
-440
87
-285
945
993
-379
-158
465
-751
-842
-852
766
70
496
-307
-297
967
-317
460
714
-556
-585
714
924
961
725
-800
667
772
249
-183
-782
813
358
379
-531
86
475
-276
-754
187
517
-718
-929
-660
501
235
-375
273
947
-994
388
-83
243
338
-816
-43
-361
94
260
531
-747
-335
-763
390
971
-973
-503
460
-816
491
-901
-509
940
-110
-894
413
-502
-777
-210
562
125
-779
995
-54
578
754
201
523
-587
-902
546
687
-522
-788
-82
-518
684
-286
-644
-981
458
-873
-270
401
-174
-108
766
-976
-456
-245
-898
-381
-712
-616
-579
756
635
-332
-801
410
213
508
-865
915
562
354
-698
-766
115
-590
-737
74
-908
984
-119
-52
-960
-576
301
781
-298
-707
896
-980
-99
-545
-21
978
-986
-993
-327
699
66
-932
-15
-476
-236
587
629
118
-889
602
-678
-958
-813
-58
-503
188
-628
-162
613
-67
348
-169
-450
596
659
609
-971
-883
-676
906
321
-811
225
738
-591
-531
881
239
-893
-371
913
-846
-315
-950
-607
249
794
202
-992
934
-273
-328
707
496
942
-28
-350
8
819
621
483
-273
573
705
-356
-842
375
644
-509
934
-248
-17
-776
-14
-537
331
901
-247
-45
-674
596
-272
-749
-939
-990
480
153
-973
-109
491
252
809
726
-731
134
-137
-870
721
667
49
17
665
11
725
-92
162
-950
524
215
-401
670
-545
-289
-779
680
-963
-431
-193
535
666
92
882
-951
106
-406
324
-556
-930
259
-967
-44
93
-109
-978
-395
887
-243
-502
-972
-554
-80
-703
129
-26
89
859
-136
-521
472
869
-592
817
663
-778
818
183
-823
820
-322
-546
464
-153
-197
-176
626
-337
991
-708
492
-46
30
-751
375
425
-507
-709
-838
-229
537
140
-112
-646
363
-33
636
461
-481
-487
106
285
750
704
-360
-28
-647
465
-955
306
126
557
296
546
880
-204
484
-307
194
-395
59
-162
-444
179
-704
-218
-271
556
-958
-160
536
279
-906
-457
-694
-468
-621
-410
-365
-119
516
577
173
17
-22
-797
-319
823
-768
-425
-368
140
531
-614
-639
-603
-47
-191
-965
-879
-463
743
533
-694
-604
-214
-965
-327
-566
407
804
-193
952
626
-669
-431
808
-469
731
707
146
-322
-58
-855
330
-39
-953
-230
426
387
-386
-314
705
539
365
521
44
-498
57
-880
-284
-962
131
-612
344
-561
535
901
988
-109
-860
-768
834
441
765
356
-167
786
528
-391
-637
-700
5
530
-869
-190
-295
797
918
316
-4
889
-167
-382
-297
711
460
-865
690
420
-354
-140
-555
-410
-855
370
13
836
-890
-932
-94
-293
-44
701
-521
494
-746
-874
113
-354
443
-86
-485
-213
-910
-803
569
-567
-852
-870
204
-138
836
-540
230
-389
-691
-432
30
-862
-68
1
102
-809
406
804
-421
673
-790
-35
-963
-781
818
49
-288
-354
-282
38
289
-310
33
-328
989
453
-456
-835
-497
-230
569
-261
968
837
224
456
388
-634
-704
658
586
420
832
-975
276
309
-909
842
721
-213
109
389
-617
721
-413
-623
924
438
914
662
855
-823
706
-581
643
-698
-388
521
692
-593
218
144
748
415
879
521
448
651
87
475
-121
858
-417
946
-813
407
-712
925
-605
-140
-680
390
-233
656
354
-328
-554
156
-121
-500
-707
203
-691
-492
585
-711
271
-420
-873
-450
-59
-498
793
994
-843
-379
156
803
-534
-172
-712
-988
-236
935
72
-167
-80
-998
202
48
506
-87
361
210
784
-936
585
-229
392
-988
-62
789
101
-231
-191
588
774
774
-133
-162
-544
-802
228
753
-291
864
720
809
-875
905
7
-582
-100
728
878
827
-597
-45
739
540
19
680
393
-743
-208
726
-763
-641
539
-19
552
383
-558
979
-193
-111
780
265
-217
794
-537
13
-75
961
-603
-639
485
95
7
156
544
-395
-376
-944
-108
-750
-915
-580
431
516
-214
34
491
-353
617
-53
-111
92
296
-166
-777
-828
48
-977
-709
-834
-739
-19
-59
-539
443
-755
696
-771
-627
900
650
-297
-172
-269
-59
-477
942
-290
-612
-987
-212
479
-927
220
-263
555
-186
431
-1000
997
-589
8
-83
-798
-872
245
639
-371
-301
-67
-404
-116
-924
-271
413
-397
591
403
-36
695
-702
42
-460
245
-536
-778
-185
-140
989
770
-251
297
-909
24
252
-679
740
713
-165
-684
489
796
-452
-336
858
-457
81
580
407
-564
670
662
-137
166
-537
55
-402
772
331
861
-700
-507
-959
-351
644
-763
82
619
-333
-537
-184
-390
-958
-381
-587
-120
-892
306
-153
-194
452
696
571
500
-623
-544
-465
11
587
-898
-916
-577
883
-687
932
-921
-418
-1000
616
-642
843
807
909
-585
-235
-470
-928
317
58
281
-728
-743
-243
-260
107
311
-743
-607
-29
587
743
-532
802
-912
-702
-418
-748
977
457
-615
293
716
628
-606
291
771
107
-88
-668
-491
292
677
-773
205
91
691
183
-119
-730
-368
604
318
-886
613
374
-151
152
-173
-85
-663
-212
255
177
-149
968
-416
-623
246
-980
406
-838
745
745
-659
-568
-942
-506
-846
-906
513
-462
-602
-495
-661
251
-927
847
-781
479
217
145
-554
-400
498
-203
-859
925
840
-801
9
656
443
-8
690
-526
458
-921
288
-27
-700
64
-346
67
-70
826
-148
675
-823
-266
-380
893
23
940
959
-882
28
376
945
-547
35
565
-174
670
-288
-120
-474
-41
-540
977
-800
274
783
781
-494
-13
501
-432
-808
714
741
705
694
-870
230
614
-402
139
546
-238
-233
-146
-552
828
-470
224
-308
114
-113
960
114
-755
-536
643
-181
326
-52
-456
863
970
455
360
908
-102
63
-416
925
-442
-86
130
479
-197
399
-215
0
651
554
-20
888
908
852
660
829
243
-718
65
881
-526
380
570
639
352
641
644
775
72
-967
694
-859
709
-405
826
345
204
-223
789
-750
778
-840
571
60
-896
716
-403
188
716
756
-972
-71
-70
346
787
94
-886
-722
568
-467
-780
891
323
246
778
89
698
616
-100
357
-468
-297
962
-18
596
-241
-459
-239
-575
184
415
-248
-476
-982
-907
-626
569
899
897
-202
634
327
725
-628
688
551
557
-20
491
-139
-12
739
260
199
570
-589
-767
26
452
-54
921
680
-364
36
745
925
523
976
342
599
-276
929
851
-372
-333
198
357
241
150
-548
149
600
491
-189
-586
-247
-790
-258
553
228
-236
-785
-787
949
-476
-558
154
217
-60
-888
-816
449
628
-537
-37
-603
-713
0
-214
443
-562
-782
-880
-88
-103
605
-54
789
570
-663
435
-10
797
-808
-683
903
230
-135
-48
-281
297
654
528
-726
-817
561
-87
154
824
-302
550
-610
-852
356
-876
-99
-682
905
-232
-860
-813
155
728
-345
-665
-515
600
629
754
801
-925
815
-63
-469
461
-390
-953
981
455
674
-162
-412
-189
721
-984
315
312
-303
331
943
-392
974
-931
-548
16
-336
859
-314
-449
87
-128
-655
-37
376
901
-187
-111
632
-812
12
539
-10
657
718
615
717
859
-928
645
-551
671
168
81
171
606
852
386
-56
240
-469
-222
-121
-327
659
-208
298
-613
21
-398
620
-884
847
622
925
-998
120
-101
-166
-196
969
-717
-432
538
474
156
17
-800
-421
-568
-552
47
-956
9
-454
-444
270
-759
-961
-707
196
-487
31
121
-28
-104
-672
288
-261
-585
399
755
-816
-342
-516
-475
975
689
-629
794
-615
-56
920
-225
-839
-676
971
-534
235
959
540
-557
56
654
-503
339
709
-943
-698
-677
-963
338
916
697
491
402
-811
-313
-3
120
-433
949
-74
523
591
-152
35
691
-256
658
512
-902
-228
355
-229
409
753
448
745
304
-488
916
855
198
-238
-843
196
418
164
-296
318
-455
-187
695
154
-567
-746
-382
-200
-571
561
932
358
546
260
-57
723
817
-288
906
-169
-961
109
-270
-910
-663
721
975
274
116
-319
257
-535
-357
-41
-550
621
-22
-44
134
274
747
295
-600
-139
463
255
-186
-950
-32
926
-983
-215
932
270
894
-988
292
984
-464
461
-898
499
-583
-891
-248
490
-362
-56
966
770
603
-745
-563
922
487
-523
-791
563
-727
-969
-628
-414
-909
-442
392
963
462
183
415
848
-465
397
25
707
184
444
22
73
994
-127
404
-441
-71
993
947
-639
-72
959
-585
-984
-985
466
-338
292
-942
-602
-669
179
188
-927
946
-911
980
-519
-500
-120
487
341
-739
-759
-202
689
573
908
409
950
308
-59
467
425
450
-296
-264
67
-946
285
-915
-79
-372
935
-785
604
244
50
-345
-981
881
619
-52
-344
631
-59
-822
273
489
-503
338
576
-326
-675
465
829
-350
-264
-11
-702
883
-251
-579
-961
-563
-266
384
-785
-978
-213
193
842
-978
-684
-878
925
-821
291
-729
871
-96
-507
-900
-538
-917
-110
-711
417
-609
18
20
-697
375
-333
392
-968
108
-359
998
258
-887
693
-999
687
-484
618
718
668
-464
747
-477
797
73
552
-385
256
928
-885
-381
-657
-752
-290
544
-790
-896
-960
-663
-988
34
744
217
-932
235
104
-968
816
691
197
-854
-147
223
-522
233
-38
990
428
-876
981
-511
-575
984
286
-465
996
-338
-637
535
-333
437
155
-425
154
-30
663
460
763
-684
-906
-853
-482
509
664
112
524
-66
806
-619
-410
-366
415
-138
-420
-81
-474
370
-150
-56
-982
-284
-939
422
6
-174
-297
39
810
214
-249
-568
985
684
301
-465
502
-37
564
12
440
711
-463
-222
-219
-666
51
-960
-290
-462
507
-651
951
350
606
-205
171
621
88
675
-275
-193
628
265
786
-627
-711
185
-19
-345
-313
394
506
716
-909
651
287
-758
-818
-29
-448
-905
221
301
387
-273
325
-860
-909
830
-43
-949
-696
672
521
17
855
23
251
578
-602
-114
-612
321
-989
-900
-972
-491
822
-422
-41
-47
-941
-632
41
617
-540
253
-350
-414
807
526
-251
-727
964
-175
270
-105
-78
946
746
531
570
310
268
808
-741
-930
-547
-696
256
-546
3
1
143
-881
-266
-656
-172
993
191
340
957
517
465
372
-969
-294
588
-45
-455
-346
-177
18
687
-904
-593
951
922
-196
-810
381
-90
798
-883
444
12
914
-836
154
-407
-941
657
386
479
-885
-944
-460
282
339
827
-434
582
-69
-910
713
-769
604
684
-842
504
748
-842
-917
-448
498
507
153
-526
522
-315
-816
541
-245
-61
-747
676
903
-197
434
-218
-669
-254
-130
255
-936
410
-320
-640
778
-773
382
110
87
230
842
-297
-47
-283
-688
170
-785
-329
729
-794
-799
794
84
915
-333
10
-363
-31
484
282
-674
158
311
-96
445
-548
681
-267
-650
-862
-28
-163
-141
561
756
4
649
570
233
-246
-451
-194
-596
929
-505
166
-75
468
-875
804
-356
-294
-301
-358
-802
251
234
-438
34
-158
407
589
-403
436
189
-456
851
-736
973
-21
-145
-873
-203
540
725
-850
486
996
6
-239
-661
-72
-685
235
71
-37
454
388
430
-734
605
-935
903
-168
584
738
-112
-718
534
496
867
-698
331
470
-680
-712
-588
441
-470
37
-98
-965
878
-572
355
-508
-703
-327
-922
274
-190
-181
-414
-909
-496
-471
-402
-752
-363
857
452
-355
995
273
-125
-978
894
682
833
-340
250
-15
644
-617
806
911
-493
206
-918
-308
808
894
381
159
-247
-520
-582
713
-729
-506
-957
564
679
-706
-202
694
-256
-489
223
-966
-61
604
975
-560
-766
-768
812
131
-902
-719
-631
-532
882
719
-921
-27
-231
-802
-533
481
-261
491
-286
682
-667
-100
-205
-501
393
-773
-60
640
-428
-589
416
762
942
491
583
-409
-655
-972
486
353
-258
-914
-536
933
652
624
-819
760
-126
-649
347
-827
-41
862
818
154
552
943
-396
-524
-310
-839
293
-553
-991
-365
895
-525
352
400
-999
-237
-366
-253
-135
88
-696
4
-760
-923
51
-397
-363
-788
-315
685
-292
-742
915
462
472
-498
-626
806
406
-177
643
-610
61
-513
271
988
331
410
470
549
465
772
214
-701
-670
-206
616
-825
904
-41
-473
-719
920
-62
-317
910
727
-874
824
240
332
-485
859
740
-521
707
-555
-975
-333
911
740
-403
-855
770
526
-732
917
870
-585
-357
700
-978
852
-495
-850
-772
560
-633
-55
740
-176
466
-738
49
-893
463
-984
-265
-196
918
-487
408
594
18
247
-454
-265
-848
-152
-439
568
213
970
-311
149
-219
711
-545
-782
706
934
417
-419
-878
-908
714
-127
-876
997
387
394
948
-314
414
-6
429
741
-219
923
62
-556
259
629
48
-647
768
258
247
921
-221
-399
-873
-873
211
-648
793
-361
-65
78
13
-856
159
616
802
-687
506
98
773
827
905
-176
-249
-128
652
-811
866
418
-21
-557
-324
-817
960
852
781
-45
-604
-950
-66
-578
198
450
-254
-664
995
526
346
-702
626
-430
-749
863
-736
-705
-622
-620
28
-193
-124
-341
-973
16
719
206
590
-843
-851
-526
154
-759
-358
577
361
917
-805
685
359
-237
545
-142
16
-188
-449
-629
-48
544
744
-312
-725
316
845
271
62
945
-570
480
-907
-102
430
669
959
-227
420
-215
575
-322
719
-304
628
-911
-223
56
283
-273
-544
567
979
-102
-943
-331
-655
-252
565
67
-779
781
41
-196
493
732
-615
987
-807
688
181
-499
591
-633
6
568
-608
-850
-638
-804
-902
-278
-66
-871
-129
807
164
-334
790
639
-682
865
321
269
-111
58
879
-718
-971
804
690
-392
-524
-203
-237
-810
-999
429
229
947
187
-569
503
-594
50
-405
-930
-931
-678
-361
995
564
-826
640
-840
665
486
-333
705
214
939
-112
-735
-722
-502
218
-494
788
-96
-664
-839
600
-379
224
-167
659
356
-268
999
-395
-806
-675
174
-467
-3
-8
756
185
751
830
-276
-146
179
472
718
794
847
-77
836
72
-62
-496
662
581
-632
-721
24
865
427
237
530
-9
-451
235
-624
-944
-860
290
-964
-140
-523
-173
57
-893
836
948
-239
-92
762
-152
-399
-308
888
-387
418
-751
-693
-548
-388
-625
-368
733
519
619
-902
266
-750
918
514
756
215
-156
863
251
-114
541
22
-598
-910
-44
659
-223
481
-506
-743
-728
871
-683
-506
304
-803
-954
363
236
270
536
426
-448
-725
103
288
-151
655
943
-250
237
997
532
643
84
-615
161
-172
-265
-244
-96
110
-520
604
154
322
-222
-253
703
499
227
-465
376
293
775
-238
634
886
-586
699
14
-79
465
5
656
-144
-295
238
100
194
-175
-998
-992
-466
933
953
-58
359
-405
-474
208
480
-120
-718
657
-670
998
625
-263
-709
-235
-557
-663
-503
928
357
760
616
369
761
469
-136
-1000
467
-66
-894
792
-298
-15
-884
-750
-833
625
-996
533
-305
-980
-423
-10
-929
906
-24
605
-641
312
774
-303
-897
661
-639
-123
210
-916
-420
450
624
-220
-270
-393
619
-987
-326
-145
132
-708
556
914
942
-544
484
-98
675
-394
-28
-665
-793
-846
-545
-148
-646
911
-141
956
-639
881
-42
-551
615
-855
-203
861
384
-200
825
762
-818
743
-118
-250
872
-153
-632
662
615
805
-200
-950
659
-496
-884
-678
-178
-898
-169
31
-97
-85
559
581
881
132
724
495
-803
-221
-769
172
982
556
-18
393
547
-345
-272
743
-638
207
-996
-226
-629
586
279
-191
819
490
-907
916
274
-636
47
508
-537
46
950
-153
938
734
-569
828
-46
-495
-816
659
-520
234
-302
-73
-244
-213
-313
155
983
744
565
-900
-47
-326
948
-107
-637
-782
-739
-632
-769
463
708
-52
-65
-895
439
18
428
-593
-233
-707
704
822
54
-687
701
722
209
-390
-721
-558
-991
-16
432
-617
957
-598
-725
430
450
449
-877
463
-283
-474
500
-620
72
343
794
45
107
-338
626
-525
981
538
-531
-308
-812
-590
-436
32
49
871
600
-311
471
809
-975
0
965
-723
-22
-139
-974
702
-606
702
625
-286
742
-827
-699
-98
-827
-325
-697
-676
629
-351
-971
59
-412
-551
765
-824
561
-904
-597
-52
-84
47
-897
694
-373
-326
-366
-709
-641
105
731
587
-137
813
-995
774
723
485
-749
398
347
745
399
686
785
-250
414
395
323
380
-384
811
166
-652
-969
388
-192
-41
638
-427
53
203
-803
-502
277
-274
362
-36
867
88
465
568
392
636
-249
418
105
-353
-644
569
-345
-484
303
12
-26
-968
326
-947
320
274
622
453
650
-500
-992
-776
-297
-592
-923
-373
876
-979
-309
-509
-635
-751
-664
-993
646
-564
126
-951
227
-478
144
-295
-780
-191
740
699
563
611
425
-702
-760
86
-517
925
999
-373
-427
-696
776
-756
615
294
696
-287
-648
-866
254
532
-99
-269
-223
612
-854
-871
-233
279
-408
-587
-767
4
680
404
662
704
-345
-465
780
582
371
237
270
764
-435
953
-885
660
95
710
-5
705
-736
-944
871
811
501
-475
697
-300
-549
-940
162
-549
-190
228
-565
-319
-340
-1000
30
-485
710
-639
278
247
742
-475
20
-238
118
-961
-620
-855
672
311
143
-193
-965
-780
-463
142
452
-418
478
225
496
-311
-703
770
-959
879
101
400
-377
-995
472
707
-711
-927
-659
-413
-539
-414
369
-907
-476
560
-641
-905
-15
846
-968
-433
-324
702
-323
799
-326
331
-801
-997
751
-724
-358
-50
398
728
668
-951
-544
-27
-932
46
723
278
137
445
-907
644
-415
-163
690
587
-92
285
842
217
-681
682
71
930
77
372
-851
72
-637
845
-350
-54
-565
529
-336
-550
-901
-516
-471
739
-922
-551
523
-982
252
535
740
164
-962
-735
311
473
-203
589
207
-809
-221
148
-764
-774
649
-428
-820
843
-213
-477
211
-265
625
-251
-242
-783
335
-992
669
-86
-680
590
751
-848
-418
-478
-918
-875
-131
-498
91
209
905
-203
-885
-757
-123
285
883
-540
-507
759
337
372
902
-575
315
425
428
75
-45
-659
653
-790
-404
-409
845
266
-900
-395
-408
-393
-477
777
503
-403
-629
-831
557
174
912
300
-303
852
385
217
322
-632
-104
2
-602
-974
-713
154
-589
-430
-61
-782
417
287
645
194
-609
894
558
150
69
-283
923
902
-966
-832
442
795
-936
-461
876
-561
573
-367
-548
517
499
589
670
985
354
816
699
-376
35
-502
172
947
-248
556
-187
208
315
-555
101
114
485
-69
138
-694
240
140
-566
-483
-289
550
959
-536
668
612
-13
546
-926
-102
589
-63
-580
-605
314
-768
765
-248
-609
-705
706
420
174
251
917
-138
-8
352
19
-601
162
-292
-912
413
-582
-731
57
527
-404
94
763
-567
-656
374
738
898
806
-270
-651
-548
-43
684
80
172
752
843
-831
635
-517
917
-56
108
732
579
-808
559
-379
52
803
421
-575
-572
-859
-923
-275
382
911
-722
-439
896
-745
-946
127
-194
334
-653
-381
265
-317
352
-117
146
774
-750
-238
778
-193
756
-153
-677
720
735
347
-340
-632
-778
-21
801
-230
-607
363
802
-931
999
-620
-211
-491
-590
734
366
962
158
722
878
951
-141
-263
-39
318
-957
937
-940
-390
-203
-894
447
829
-237
-317
-296
-101
-15
-61
992
206
927
-84
-542
-373
17
394
609
-122
701
549
-655
-334
-379
555
-599
939
965
-13
-601
-281
-481
621
-476
-422
-971
-867
554
793
-313
121
-605
-782
-18
-271
-972
-70
-360
-161
234
-633
-171
479
-525
-977
577
288
-623
-512
35
-884
938
-719
-300
-315
-828
200
-75
-816
975
-530
715
150
178
417
-420
296
411
873
-130
-284
562
-803
893
342
-339
-122
654
112
249
-925
35
-532
903
-561
494
497
981
-352
552
-283
-177
-143
-828
674
358
483
-896
-340
-784
-177
188
-223
687
736
287
530
454
-465
134
-622
-614
718
-819
-788
-250
856
-61
666
-447
-295
985
867
115
-902
284
516
726
464
-93
-349
-790
438
-805
-49
-980
184
65
-308
-201
-254
-353
78
539
-41
267
-460
-675
-122
428
-793
-897
-246
-433
-205
258
-143
857
69
922
704
381
821
-911
517
-927
-426
46
-195
-676
268
103
247
-286
-387
-300
-56
-253
-101
-58
-704
-527
241
856
-291
913
-548
-107
175
356
972
826
-853
886
283
477
612
-106
-147
31
999
-104
953
-530
-778
-25
-745
942
-584
-881
-934
536
654
474
64
-349
-615
-696
-953
819
-390
-171
434
-65
570
-714
-595
231
-277
-380
173
-218
-306
348
699
164
-697
-810
-781
879
-49
613
-232
812
408
-354
-853
-200
-106
-404
43
-236
635
-253
-161
-480
-189
644
-654
294
-702
-975
-211
955
955
-14
-212
610
-126
-298
58
-558
-812
-802
-706
-440
998
-138
298
-768
-53
-923
-767
-848
10
632
746
-603
-385
-166
754
611
-463
-922
134
215
-860
-848
-783
-305
-768
513
-733
-132
-863
577
723
807
848
-886
-729
418
-910
-693
129
32
-128
-342
587
695
487
158
-393
-715
784
27
-256
-159
979
-145
-683
467
-345
973
-249
-57
-131
-40
625
734
-706
-254
-777
-394
-302
-187
802
-549
-125
354
667
-611
65
-39
598
-652
904
-456
866
-415
-738
-857
-402
903
641
787
286
-6
288
521
589
-9
-807
-10
-811
-108
515
-835
-419
-919
589
136
2
927
-713
786
218
-8
207
-347
85
-416
-385
799
-796
674
132
-453
-481
430
899
-291
-463
-151
-457
-338
71
149
814
361
-951
595
100
4
712
-858
224
-781
-487
-358
-546
265
-304
213
29
113
-768
-388
-710
-803
578
201
-196
-292
-427
44
865
465
-747
-208
233
674
351
752
-590
-386
-445
105
-525
274
-517
577
-146
110
-436
696
559
-429
-198
14
-742
336
160
806
-828
-562
896
-759
-640
-776
920
-914
781
111
886
312
734
205
-530
-496
778
-456
-775
-155
-635
-662
32
802
-673
702
361
799
91
-387
-863
-182
3
554
-37
-201
442
-885
-264
-699
226
954
-921
196
-960
906
799
36
-836
749
555
-417
-371
917
-219
-391
820
-230
310
119
599
-132
556
-177
130
218
717
702
-23
434
-532
-977
241
681
378
-518
207
-803
990
476
33
-279
-920
-842
-500
-759
434
-792
-874
239
376
287
37
757
570
-980
-249
324
-801
935
580
132
61
452
560
277
486
-283
101
446
-332
-624
-383
-44
201
-366
284
-483
-512
68
861
613
-456
-227
109
-944
-494
617
-868
-495
633
-663
-222
-789
-670
490
985
998
-332
-166
-199
373
633
136
212
453
805
700
804
840
-153
135
545
595
-178
748
503
196
-899
-97
-633
-103
338
-484
-147
93
500
-805
450
532
-325
467
835
-951
20
-835
-286
-283
-427
43
-741
-573
-946
-264
458
-302
-527
-159
123
427
195
709
386
371
-877
169
764
-445
-566
95
-347
374
820
711
-821
-797
910
-282
851
524
976
439
-629
614
62
672
-448
330
-679
310
785
651
571
-589
483
-695
-413
-778
455
-43
173
-436
-39
454
902
287
330
-853
-978
828
-49
-686
975
200
-693
89
462
-875
-693
243
-321
-894
-175
893
654
465
20
-191
-181
-466
550
-149
629
60
501
-262
746
-623
-842
-919
-51
837
-593
-897
-678
-41
915
659
-745
289
804
852
-117
-355
-508
-7
-29
104
-580
964
-766
886
-575
300
121
278
307
-69
-265
-441
56
789
995
-597
-791
106
792
-117
331
-978
848
-100
-47
615
-172
-32
784
-554
-237
640
-525
122
-31
456
-864
97
-623
-237
938
-63
-490
409
-136
-522
-969
-42
183
508
-814
-3
299
224
754
-692
-500
-814
-333
578
-850
638
-859
-305
-191
603
-513
-581
955
82
999
-630
322
467
-801
-643
639
-58
642
780
751
302
559
20
-149
434
-572
-661
555
30
-961
-324
-281
535
-142
-97
110
766
-795
-425
-630
215
-240
963
-781
667
-743
-931
883
555
-485
695
635
677
-472
136
-300
-596
-801
-799
-472
-493
913
852
-863
-774
-927
-25
434
-596
-597
421
85
344
311
22
-779
-817
397
-399
-450
-114
-486
-465
689
-436
196
-847
540
-923
571
340
425
-679
-255
628
198
-81
-181
-529
901
350
776
380
21
205
242
268
752
-296
818
-529
342
-218
-87
-486
-933
394
-308
344
-20
-553
-81
286
856
-393
-218
756
-788
941
840
-576
463
634
-347
805
-224
-419
-519
-964
-163
-882
49
593
645
-947
-914
322
287
-666
-297
-92
-851
-840
-972
-585
492
-762
-471
-390
-595
-258
-785
-751
441
-440
313
742
703
-319
901
671
-206
281
338
575
-174
553
353
30
935
825
175
205
853
449
-911
-427
604
126
513
-736
-480
888
-567
603
681
-830
61
633
-165
833
14
-405
-152
-144
-741
-513
164
-973
907
183
426
-725
-231
828
-882
-566
-65
-542
-702
615
823
-515
-323
-700
925
756
936
238
-472
918
-581
949
203
-454
-248
-291
-889
-741
-539
339
-652
708
-224
-940
15
-776
414
891
-730
-155
-491
857
34
202
-949
-982
-540
454
255
277
67
-877
918
-940
-203
-732
-376
438
-484
586
-804
-527
-317
-227
-399
828
-839
73
431
875
-259
519
-227
-564
747
-962
964
-30
-251
-407
516
-161
-410
778
-218
856
995
-881
882
916
-413
21
65
533
-208
-837
-187
-502
478
216
-392
868
636
-657
690
-25
585
-223
719
-797
-855
307
-799
-860
-504
802
-398
-393
638
-763
76
-785
691
579
-788
-794
965
900
692
-345
-969
188
529
-532
348
-507
-772
-701
965
-101
836
-185
872
814
-612
204
978
580
-975
938
973
-466
592
-786
-475
204
-699
-627
663
-142
-650
-309
140
-83
529
-372
981
-847
884
504
-441
-187
-484
628
329
-894
-545
254
251
887
77
-103
-343
-464
340
-774
272
-1000
-396
-574
225
-547
964
-802
916
563
-606
-581
-258
124
-944
-578
-170
854
477
979
-444
21
145
787
-677
195
-467
-420
218
-987
370
-164
-627
-464
450
717
-375
412
-924
808
727
-89
891
35
-752
-19
-791
-147
731
519
352
395
3
-591
266
-732
924
673
-615
-726
-873
-652
-671
826
596
539
-923
182
-985
7
-705
-880
-34
976
468
-982
-478
-388
103
636
-227
766
989
-10
987
733
993
662
-892
647
-695
-452
-808
-298
393
556
-340
897
-58
340
420
54
-706
-65
817
935
789
-199
-771
-318
867
580
725
-283
-547
-774
7
930
-432
-556
187
608
-282
-70
-297
-990
642
284
-851
-37
-514
-95
40
450
-585
861
951
355
503
168
441
934
995
461
378
-812
790
993
429
-681
62
53
730
273
-42
-772
745
-944
-316
-159
832
16
-941
867
-822
866
228
-526
137
-196
704
-209
-131
192
513
-673
-683
385
498
225
565
996
147
-800
-903
-476
882
442
-343
168
727
722
-195
729
303
643
851
-178
971
86
558
474
169
694
866
521
579
194
-386
982
983
514
-936
65
328
798
671
864
-510
-612
-659
-781
-653
-1000
651
-996
-1000
-231
410
847
-586
977
-737
22
-805
-748
959
600
883
-883
-100
-421
-289
574
-482
-217
403
-969
-139
-435
303
-999
-355
-840
-816
411
-717
371
152
364
152
316
460
234
-444
-505
988
-269
-452
885
248
-646
295
934
752
-532
926
109
845
-413
562
-476
-481
-358
290
-816
-57
-270
333
-411
-490
437
-988
845
308
-854
-540
405
741
-487
675
-855
-438
895
-520
-495
-764
-621
624
620
-114
-647
767
332
556
-281
-828
-367
-306
-297
-544
-421
505
349
-969
-566
760
969
328
-807
863
335
-678
-309
-687
773
-377
-93
-334
380
-338
666
127
259
419
509
-724
-472
58
325
-658
-656
868
652
-213
-886
-39
92
-785
-1
-233
458
-559
-180
345
147
52
-317
683
-11
834
127
-275
449
230
-569
23
-496
297
-748
893
-844
624
870
-958
352
-781
-204
657
-630
369
499
-823
-272
546
-54
473
681
-67
899
-819
222
444
-605
840
-823
-3
-962
339
-308
-86
-571
260
868
570
-463
-526
-848
-887
-347
152
669
822
-529
-552
996
236
-961
-622
310
708
891
821
6
-584
386
277
-632
986
912
686
-855
870
-287
-152
-321
886
-199
683
914
-235
-477
117
-836
-298
185
-742
-355
-522
84
-165
289
191
-364
-598
-26
-114
578
108
856
-569
228
336
-673
-105
113
-944
189
-965
390
678
-32
-81
600
865
-657
969
-118
311
755
-776
881
-436
-509
-201
310
-252
-620
-794
876
886
784
-677
-172
-573
935
932
525
-75
-764
848
-769
-438
802
767
-806
-653
-530
-280
-694
-664
-434
410
-578
159
-974
244
-103
-595
-54
-56
536
-501
-391
-211
54
44
57
-395
-803
831
-722
223
61
160
831
-514
274
692
-574
-423
401
85
551
883
978
618
-375
142
-651
474
-448
-884
-66
546
-959
-533
-666
-500
169
724
478
358
-38
-536
705
-855
281
-173
961
-509
-5
942
-173
436
-609
-396
902
-847
-708
-618
421
-284
718
895
447
726
-229
538
869
912
667
-701
35
894
-297
811
322
-667
673
-336
141
711
-747
-132
547
644
-338
-243
-963
-141
-277
741
529
-222
-684
35
-810
842
-712
-894
40
-58
264
-352
446
805
890
-271
-630
350
6
101
-607
548
629
-377
-916
954
-244
840
-34
376
931
-692
-56
-561
-374
323
537
538
-882
-918
-71
-459
-167
115
-361
658
-296
930
977
-694
673
-614
21
-255
-76
72
-730
829
-223
573
97
-488
986
290
161
-364
-645
-233
655
574
-969
-948
350
150
-59
724
966
430
107
-809
-993
337
457
-713
753
-617
-55
-91
-791
758
-779
-412
-578
-54
506
30
-587
168
-100
-409
-238
655
410
-641
624
-463
548
-517
595
-959
602
-650
-709
-164
374
20
-404
-979
348
199
668
-516
-719
-266
-947
999
-582
938
-100
788
-873
-533
728
-107
-352
-517
807
-579
-690
-383
-187
514
-691
616
-65
451
-400
249
-481
556
-202
-697
-776
8
844
-391
-11
-298
195
-515
93
-657
-477
587
314
503
448
200
458
-382
-420
796
-202
281
589
-202
-991
157
-528
622
-462
-708
-962
-821
-810
657
958
-809
815
-112
156
511
-798
-366
-728
-945
-672
-354
-638
-114
-125
-567
869
-858
844
416
881
998
-678
-349
-979
699
557
-524
892
-611
75
-288
-400
-490
3
-131
861
-312
401
789
255
-577
2
-415
-818
-715
88
426
-383
757
832
-68
-831
-846
721
189
976
329
-632
-308
425
-445
434
-451
441
512
-855
-940
718
753
-861
-577
-721
996
-313
-471
-451
437
866
-51
-807
195
297
-584
-714
-895
-512
-718
-545
734
-886
701
316
-329
786
-737
-687
-645
185
-947
-88
-192
832
-55
-687
756
-679
558
646
982
-519
-856
196
-778
129
-839
535
-550
173
-534
-956
659
-708
-561
253
-976
-846
510
-255
-351
186
-687
-526
-978
-832
-982
-213
905
958
391
-798
625
-523
-586
314
824
334
874
-628
-841
833
-930
487
-703
518
-823
773
-730
763
-332
192
985
102
-520
213
627
-198
-901
-473
-375
543
924
23
972
61
-819
3
432
505
593
-275
31
-508
-858
222
286
64
900
187
-640
-587
-26
-730
170
-765
-167
711
760
-104
-333
285
-450
-860
694
-305
624
-981
-875
-424
694
-342
-698
371
-534
-322
-407
851
484
18
-536
119
152
-200
-913
60
926
10
-243
-830
-685
576
-773
-957
-242
164
109
882
86
565
487
577
-526
-375
627
629
928
423
-480
-98
-38
-877
-404
737
261
-805
-475
264
-740
-798
-884
30
-674
11
-229
-589
547
153
520
790
-76
-812
763
-60
-149
-338
829
-100
713
-42
578
-635
7
477
200
-942
-561
-697
-240
357
-676
-523
108
113
-113
801
-150
-540
-572
-7
384
405
-460
111
-296
-165
-644
-928
350
-177
-515
-444
216
626
357
-474
357
337
271
869
361
-104
22
617
-888
-283
-304
585
-959
-577
-871
-771
-435
-441
-68
-704
855
-947
-38
584
734
-346
-28
457
-631
-468
-37
-393
-517
-89
635
-933
-152
-325
-62
-777
-858
754
-489
-259
-825
459
825
221
870
626
934
205
783
850
398
-721
-299
-807
-266
637
-466
556
993
-824
705
-38
-452
881
-700
-587
-359
855
-145
142
462
611
-123
-576
-322
752
-557
-704
-327
-960
313
-125
-928
-182
-390
17
-68
-888
-305
169
831
-960
-512
-315
90
497
-411
990
145
353
314
-349
-260
-956
258
-665
-241
192
605
264
-819
-497
829
775
-392
292
997
549
556
561
627
-533
541
-871
240
813
174
-399
-923
-785
-317
-787
992
824
601
392
759
-330
-572
-973
-916
-925
-214
498
-30
-713
847
-396
-497
221
-337
706
-637
10
-829
489
-760
-836
542
619
-87
591
-296
818
232
-250
205
-25
539
-697
422
98
247
584
648
-29
864
-87
75
545
-288
546
-322
769
262
-481
985
-711
944
-135
-460
245
508
-682
870
601
-677
132
-528
152
87
-430
763
901
103
-577
527
600
-31
-985
565
-972
543
347
-912
-57
-363
-591
-537
49
-319
588
342
-392
-940
221
758
954
-112
-854
-310
949
-157
430
620
-252
67
-464
-217
-965
-774
185
38
853
629
224
748
923
359
-743
-234
-56
-45
318
-274
411
25
-645
1
-451
496
-416
515
964
342
-925
913
-858
196
948
72
-574
-394
-827
-571
-596
-295
-374
812
375
-907
-435
-964
-264
141
-186
994
-744
-348
936
-162
-518
355
15
131
-770
841
-375
-989
-363
-814
690
650
662
634
-107
-647
416
452
-992
262
-767
454
-697
-366
-697
-744
-852
124
-683
-787
109
-972
200
80
318
-142
-950
-845
361
264
903
676
643
-91
-98
561
-511
-52
282
653
-326
-780
402
-77
831
369
878
-741
8
-381
971
-997
945
781
-496
-608
-315
313
-302
589
-278
938
37
-590
461
-766
-492
961
959
-507
515
269
-63
-131
-942
-300
971
-736
117
-785
-445
815
-670
39
-788
288
-918
954
-915
-290
-516
-226
-620
815
951
-459
-885
679
110
898
73
-212
977
-868
956
-311
-887
-992
-59
790
723
363
-972
184
-222
200
71
885
974
71
333
-133
-847
-705
-832
-175
676
629
-350
-402
309
-307
-314
-920
-884
-751
-333
528
-321
864
421
-595
-174
-184
516
726
-334
87
681
964
340
686
-979
662
-279
-936
309
-585
902
873
124
941
-255
762
-577
531
-194
-732
318
602
907
-693
481
12
136
-370
-886
-191
-916
556
-710
293
996
152
54
345
-292
-752
491
712
131
-886
-561
958
-278
704
-5
52
269
479
-762
-577
918
-134
659
-502
-514
196
462
-367
-842
-978
146
-608
37
925
-353
458
-398
-193
-902
830
292
-400
278
-201
-648
-552
882
-460
-685
-425
-238
567
-664
-603
418
897
828
851
-184
-770
-551
-75
-342
-771
-480
-60
560
147
162
655
-325
-208
-639
754
-602
146
-286
-54
188
569
-362
663
75
-485
521
-525
615
-472
234
-430
-95
464
557
-38
-839
-476
-451
469
-670
923
-650
-667
-75
-90
737
-664
-663
278
-607
636
-286
-836
591
949
135
-495
337
-996
-663
-377
-336
970
608
-432
281
85
152
-627
-348
-806
876
826
-604
572
-751
-360
174
-181
-57
-389
941
-711
-581
565
805
585
-784
450
615
-391
64
166
-107
-926
509
-700
695
573
589
161
172
968
358
-969
-732
426
-490
-578
-226
-221
-90
552
-818
391
495
764
-126
364
-98
-745
-540
-526
-28
-179
-878
547
577
789
605
-805
594
950
-657
-246
-519
12
672
439
428
912
762
967
-592
-585
908
223
759
-566
204
486
-681
-42
945
-194
-834
-300
367
692
787
-468
-444
-26
447
21
-717
-778
331
-624
-417
-52
-277
982
-982
-224
220
111
-818
856
490
-75
-676
-514
677
969
643
534
677
-332
68
991
-804
783
-172
727
426
871
-303
612
-297
27
408
545
508
185
-762
-763
-557
313
-499
-150
128
-889
650
-851
192
454
869
-319
465
-733
713
793
-366
472
-28
-170
-99
-558
177
877
770
-298
-636
381
-410
-177
-763
-977
-821
-405
-831
-673
-958
310
-818
58
926
487
670
-472
651
-742
213
860
783
286
-258
-390
-528
128
-566
841
-282
503
-133
-135
-62
881
257
-250
-386
-402
-542
-339
-937
-244
-193
-722
489
435
-635
-925
586
386
833
-640
330
-952
-72
492
-567
840
-234
735
810
599
837
892
982
328
352
369
244
794
-392
252
647
432
535
208
264
497
243
649
-985
-159
-811
-900
812
-352
523
851
-526
-367
891
200
854
990
697
-81
780
-422
-69
-456
340
487
-101
-475
-517
538
492
-807
-748
11
560
834
840
497
-215
-471
540
-195
-209
392
210
549
578
-21
-29
277
-927
-807
620
497
826
276
790
-418
578
159
-582
-511
-841
449
-76
72
-620
8
967
-792
-523
-497
370
-393
-804
-926
722
-389
19
-239
56
-110
163
-317
716
932
452
-259
-46
-187
-138
-604
460
-385
-96
-401
-864
-320
198
32
-613
-416
240
517
6
-330
-759
-118
249
523
758
-895
621
95
296
916
678
-822
579
58
577
-250
-993
729
-919
-5
-322
-324
753
-101
784
565
93
608
-828
243
929
514
-832
55
191
973
-78
-252
651
-14
-856
-554
577
-483
-371
916
874
791
469
-88
-854
-307
91
815
-51
-143
-360
-948
-764
-449
487
226
-838
-45
183
-606
-820
-903
65
65
-487
261
-422
78
-122
-860
-389
947
-555
-830
975
489
-250
-851
333
865
-786
282
7
432
-104
-633
-478
-118
810
641
231
-813
-295
-521
-679
-462
351
447
-792
646
-724
759
-811
-578
666
-514
455
-972
614
-140
253
777
348
-497
-139
-569
82
-545
-803
-894
-248
821
296
-719
-979
-545
947
124
-682
135
376
774
859
-2
-926
253
-78
-365
643
-112
-847
232
-253
-320
926
678
-550
-199
-39
-801
-145
-637
716
-427
561
245
-527
-726
550
-647
181
-713
-301
-890
-357
465
172
-471
981
-888
476
-619
-753
-110
-329
-195
-628
-968
989
320
165
431
658
293
206
-422
-52
-794
171
-834
396
-303
20
694
529
-212
-891
984
969
-22
617
-985
-374
684
168
906
928
-903
-882
-610
199
785
-514
199
-580
-290
-729
813
415
-915
-682
580
331
267
-613
444
186
-493
-640
827
-926
-569
152
-729
-732
-307
885
-663
311
604
-323
-594
768
22
413
0
-458
537
-962
388
355
289
647
181
93
-416
-13
-239
-507
-783
501
482
447
665
-247
-896
84
95
525
-779
964
781
-128
-894
656
343
-407
80
-920
-132
411
713
-32
251
216
-921
-232
40
531
-67
779
-337
-741
-347
936
-905
-635
874
720
-165
680
-24
-545
725
-929
-192
559
156
602
832
905
-560
375
562
-115
962
80
836
-203
202
-492
-920
340
-924
58
493
740
-454
-526
-227
97
-120
335
72
400
-293
-45
-334
-859
588
-519
168
-685
396
-775
9
-988
-864
455
-238
43
-258
-979
922
-488
248
-982
368
717
714
650
290
335
-241
169
895
303
-360
979
-801
105
-209
-339
-319
652
-247
-967
-971
987
42
-747
-917
420
814
-282
-756
63
229
-348
-136
-231
-530
5
47
594
487
-674
276
323
-460
679
990
-412
-290
271
945
221
-530
-817
589
955
-22
-221
6
262
-865
487
196
33
-912
-65
779
993
-210
-38
-35
1
105
807
-433
-331
134
-329
457
-2
545
597
-782
-162
-156
372
-437
28
264
-199
-277
490
604
601
-773
197
692
771
-637
301
-637
721
565
421
445
-390
-505
-259
22
812
151
15
-945
393
-262
279
882
608
-346
822
-293
-755
338
-856
-710
339
154
-396
-377
-775
-922
724
981
-670
733
-777
-406
130
-154
-13
445
-195
-384
750
-511
338
963
-865
-303
-791
630
224
908
-263
-526
920
372
-707
855
-266
561
56
606
-816
75
-618
-881
-259
-568
-316
-221
-721
-717
-333
-164
-875
-882
-263
-972
-881
-423
-263
-909
-444
-205
-940
901
-207
432
-864
-420
-125
907
184
-926
-281
-210
-524
-959
351
-671
-710
-26
72
591
-811
787
490
239
-107
53
63
-319
903
5
-824
-521
695
-861
-532
998
83
639
515
621
993
826
722
838
-172
-419
-601
-22
891
23
-57
-166
-757
349
-298
-293
-498
141
-313
-654
891
-363
-587
400
-184
690
162
-65
126
410
877
382
-740
189
-295
874
-337
-278
-805
-434
-640
-962
-412
811
-755
467
-575
-133
189
-458
63
547
-498
617
99
23
226
203
-952
51
570
-364
458
967
-544
405
531
962
-181
975
-444
531
495
-956
-409
-197
388
-85
450
-681
-728
791
383
-867
775
-358
569
-700
954
-922
585
-743
333
-107
-510
-897
-250
233
-278
-729
611
-10
-662
641
258
47
-648
658
-521
302
-317
-10
-998
568
-578
-105
-865
-992
-639
-258
-806
699
188
-822
-958
357
941
847
469
-655
-620
913
-36
710
-939
385
-927
504
462
-297
-898
69
154
529
552
-926
149
730
-756
-156
49
-882
-935
-637
552
-227
-530
731
-253
511
869
-602
-502
103
352
679
-947
43
-478
88
563
834
850
22
240
911
492
651
-420
477
616
876
178
220
-385
-652
-202
-821
635
-143
-117
662
-98
-738
420
770
22
273
841
-314
-112
917
717
892
698
267
749
-935
-611
-68
619
-919
-997
130
28
-369
-411
152
-370
172
864
-593
-705
428
681
-510
-390
-823
71
236
-541
-357
-160
633
37
893
-370
-726
-7
-218
-797
461
-710
662
-693
-3
151
-577
-110
-283
-360
-297
566
-117
661
-341
-755
-614
-349
-235
601
-160
209
497
283
250
-942
-579
-825
-419
-213
271
-713
999
-496
-21
-862
-300
-470
-539
-882
-795
540
-172
-541
622
-602
760
98
-65
-519
-386
567
-507
-404
161
746
-462
670
-462
476
555
-83
-629
-240
752
758
433
-745
65
-274
-599
34
-241
-607
-452
273
-208
-807
-67
-863
103
690
-789
694
-332
-373
498
-11
248
879
647
149
-69
-331
-125
598
449
436
-401
-877
443
731
-846
-139
-566
385
967
-184
393
-296
866
-47
-692
-777
-316
-208
-333
-952
-531
930
-189
814
-910
427
743
604
-401
-526
195
-494
158
589
858
809
889
447
-960
818
364
975
-974
89
-497
-934
-588
-160
-430
-324
395
-359
986
651
109
-813
-917
85
390
250
-314
-245
381
-872
502
-723
-138
-576
565
872
-168
-115
-572
-354
-111
-522
-117
-75
265
260
45
-222
821
855
-480
-73
-227
134
251
-325
336
-666
1
-263
310
974
590
-644
71
-920
-65
-855
282
825
-282
573
-288
37
-2
905
162
717
-308
539
-953
-54
103
-769
-885
-161
858
-171
-355
394
199
645
-728
-325
862
-928
773
-520
238
-103
542
608
203
277
-875
-866
401
78
-618
-831
-264
478
939
138
-279
426
-337
677
575
-276
981
700
961
-138
-998
-552
95
-316
-984
137
507
993
284
-56
-741
-179
58
-357
668
-323
-881
857
41
-109
264
623
-85
-928
929
-159
-285
615
-464
-43
759
-300
452
93
-759
829
-552
227
798
-776
-676
-726
-867
-115
38
-830
-138
-371
84
909
-122
-77
85
400
24
-807
105
412
765
767
407
-323
784
-296
-210
834
-109
-379
-915
734
190
-458
998
-914
-982
621
-576
-403
376
-746
669
-892
-73
-507
-932
-634
102
-562
-400
-181
-682
-710
-16
-661
-444
808
-368
478
-186
787
239
-926
20
-173
-446
988
441
-202
642
2
-679
-896
946
56
-491
833
708
761
-467
-314
-196
-615
-858
-158
260
-839
620
-657
578
187
-887
63
-409
934
-585
-344
761
12
-589
959
-749
-262
370
-876
507
-993
584
-49
101
-511
-42
441
790
13
-588
-145
60
93
-528
402
-324
543
373
-734
651
275
528
-468
-239
469
-497
-271
107
892
-549
953
-608
-430
519
472
407
-506
505
-560
-617
-738
409
-393
-962
-640
471
171
-346
947
514
-477
229
-511
-234
887
756
-368
470
739
-334
-478
283
-840
553
-295
91
259
386
687
-371
-958
-683
-955
-644
388
452
154
-534
833
760
-81
631
-262
267
776
98
-686
-680
53
-993
-531
-784
722
842
7
463
-740
-53
793
-370
-283
43
376
314
-374
117
334
-380
-829
-208
-36
154
-134
-307
-336
775
0
-788
100
551
476
-621
-57
877
789
-639
385
-728
434
144
561
563
-496
-54
888
-692
-843
430
123
-536
-926
-654
837
981
318
-389
-708
591
832
123
-539
-9
461
330
-502
369
291
-600
-821
-883
-683
914
595
441
936
867
28
453
909
973
981
503
-431
-184
883
367
385
-598
230
157
-319
567
-690
866
687
171
477
245
-236
-762
671
-953
-885
-408
311
-343
405
-947
171
-420
-260
-470
675
-680
790
377
-2
-414
604
-511
631
744
-612
-390
-282
-81
-741
927
-391
-881
479
-284
-700
396
-147
458
-170
-407
-194
849
-146
-728
-840
-706
-946
-667
-854
-771
-529
-572
-441
-759
421
-312
-634
-967
-315
-730
329
-739
-140
-792
-18
-838
-494
-122
979
897
887
-462
-531
-217
540
-205
266
-367
509
-443
-683
-866
-947
-865
-742
-407
843
693
-534
-49
-860
94
-63
174
-488
-903
551
-305
817
492
292
-763
530
-387
296
710
-611
628
809
-214
744
-160
-818
-431
-880
393
-708
-38
-786
-473
-193
194
-295
-287
11
-87
-307
664
-797
-5
762
-619
-54
909
48
768
-376
-489
954
-765
127
-367
-760
862
127
577
817
-660
-858
100
-600
-442
476
154
-65
-570
831
295
537
623
922
-73
-971
-789
-789
754
-120
-747
293
321
-215
-472
-557
0
-445
-329
270
452
375
-369
640
-66
-960
986
-166
-752
539
-235
-204
-688
262
52
-269
987
-536
-443
-752
556
-830
450
182
301
293
-901
332
44
-669
-925
4
50
26
-934
738
801
623
843
-559
380
695
918
659
363
-372
-671
88
-146
-387
-21
-431
-334
679
577
837
402
115
292
723
-128
448
-677
153
948
-605
197
-492
-92
411
993
665
-219
202
610
-172
256
705
-35
-977
-231
715
-747
805
684
478
-855
840
-167
285
-100
-32
994
-367
885
-652
-719
-968
-744
910
-128
-18
901
-694
-365
860
-529
527
137
-657
768
-767
995
171
603
-58
-989
879
34
-488
-407
-470
-839
234
-742
926
906
191
-557
-812
-773
-281
-516
224
93
-565
224
-906
582
-133
-373
-995
146
-314
-411
-460
-763
-150
-241
578
-44
-323
-597
-958
-700
811
225
143
595
16
-385
-196
6
-632
641
-665
-302
325
-687
-977
-688
-382
-543
-604
-661
86
-906
846
43
522
-89
-720
455
-642
-153
-130
-10
873
-673
413
454
896
-528
-550
241
-359
646
525
-787
-176
929
-305
403
-406
993
-933
-813
-360
79
-959
-875
-466
-140
0
-93
-379
692
293
117
717
-597
943
893
-361
11
-75
-972
978
-252
-150
-108
-556
-346
623
-647
-964
547
346
-174
-939
904
-762
571
-114
-595
299
-944
728
267
751
-981
991
-834
717
846
93
187
421
-88
-133
-701
-556
897
201
328
-58
104
768
768
-359
-704
262
-280
244
918
625
219
584
-826
-16
-541
149
14
695
-497
32
851
537
-186
-637
-349
219
-710
917
683
918
-416
252
586
269
-752
-863
-603
-576
168
-973
-852
993
-618
271
669
-107
-123
14
104
-516
-57
495
-189
293
-108
-202
990
299
-110
-507
74
549
774
314
-827
-931
218
-135
-167
238
911
252
-537
-492
149
88
-755
-769
920
-894
271
-632
-579
258
-843
647
-18
-762
-878
723
-94
-294
-811
156
-655
-649
-77
118
550
-903
836
-409
406
-490
813
-349
880
844
-257
741
245
-422
-51
705
-486
785
227
-376
204
-644
917
-773
-445
-898
-714
468
698
-21
411
-511
-242
490
-225
-590
132
89
296
950
112
-878
-471
672
836
-723
553
976
-330
85
-348
751
-603
751
1
-565
-307
72
916
-284
328
511
-875
838
296
-61
544
56
-174
-98
-242
-412
-979
-414
-892
777
-372
979
-53
-451
280
245
128
-938
-574
-281
-323
91
-953
785
231
406
-316
954
-231
-291
956
-579
945
465
-984
860
-503
-665
190
677
-951
5
886
388
-325
143
377
-870
-513
-445
-518
253
0
754
-711
-512
215
-992
310
-60
799
-3
707
-546
-696
-763
-515
-501
-208
613
-388
-318
-17
351
-871
137
33
-400
864
683
857
-32
710
968
708
-359
732
-563
684
-501
-299
869
-417
256
692
640
-913
12
810
820
-165
663
-385
897
-323
-226
-866
553
533
-122
-714
624
-266
-925
349
-288
-16
-376
792
-496
-178
-945
-87
-538
-527
-916
-840
122
-947
397
822
750
337
917
-994
-69
-803
505
236
-643
-401
-710
898
-15
447
84
-408
-275
-4
855
-172
338
342
-572
795
-258
-963
506
-233
53
793
-495
-854
609
924
854
465
-761
-794
-791
492
-501
-825
36
61
647
618
13
-273
712
896
909
841
-870
90
34
915
-714
523
-334
344
-264
-963
416
893
949
-29
-156
-223
285
-800
-410
-715
-675
118
668
-994
729
-992
-459
-775
536
980
-284
-530
384
-253
-672
936
-796
-300
523
-636
411
-960
-750
504
483
766
-859
-330
-155
-494
88
256
107
-734
857
-322
-801
-326
-845
191
-10
832
-142
-4
-83
-710
967
707
-766
-754
462
402
-761
426
95
-94
-686
-650
-414
279
776
822
-121
-699
812
676
164
357
-430
-962
-688
-856
-439
-820
-800
-357
856
-939
-353
939
808
290
452
-21
-382
419
-993
-716
-453
977
675
-387
-291
371
-358
-661
-664
-379
501
-966
-871
358
436
-531
-103
-496
-202
-798
105
238
32
-935
-484
-519
579
23
727
771
313
-618
-860
-184
-512
319
589
513
-741
-149
-729
283
-636
38
12
184
759
501
574
-267
59
714
649
-405
-478
-459
-584
377
52
-435
891
-862
310
-33
55
787
224
-778
-561
441
-352
-196
834
368
441
-128
-332
974
176
137
-367
241
745
-982
15
-26
252
-154
-44
524
-34
581
-856
-760
334
296
876
27
205
-982
-709
641
465
-809
-529
-741
700
-783
-984
943
-376
64
505
157
502
666
275
-954
632
789
-954
-855
-997
152
901
-674
153
184
649
-650
-595
-654
25
-30
-664
-205
793
323
532
-144
896
210
776
692
-450
290
795
852
350
-685
-964
361
760
984
-271
-466
-950
-918
-194
936
584
-210
617
182
66
116
-612
425
101
610
-550
982
-379
193
38
-246
-407
-105
-720
638
167
420
-655
-117
865
-304
-167
-610
-368
-811
839
-817
817
-871
-247
-321
-387
-400
-748
145
861
-849
-682
-37
813
-93
554
476
-383
211
429
-736
966
531
942
-302
522
155
587
257
158
-536
762
-490
-54
65
-620
165
946
540
297
-958
-536
194
-416
-730
-285
-800
206
-894
302
-304
-167
611
67
-585
-355
-825
-646
448
-81
79
988
-679
592
597
-803
509
-348
-929
-342
-878
-141
997
-1
899
-880
320
-964
-16
-88
915
953
485
-259
-801
567
-792
-156
-831
681
-121
108
207
259
706
849
-925
-974
-876
607
774
-116
-872
-454
145
-519
714
-851
-832
338
-693
-207
504
105
697
-783
955
-359
-657
-867
-903
-321
-264
555
633
954
-70
-748
904
-721
-512
-130
754
-928
-824
-299
415
-914
-769
480
975
-740
-486
-62
-343
-10
438
-19
447
242
-382
-930
631
-939
219
-219
-10
-167
-328
563
302
-498
-72
-279
-102
447
-55
-594
-778
-314
794
577
-156
-317
547
240
-515
-536
723
-663
-347
168
-870
255
466
-142
-488
656
318
201
-858
276
506
-298
-316
23
-730
-688
-750
475
-689
-150
195
488
520
-899
-817
-202
892
-152
-216
-755
-813
-538
-657
-742
-141
-129
-984
-828
-168
-559
683
-912
-985
976
-484
-702
-961
283
205
997
146
769
675
-83
387
20
-970
442
735
-611
-627
480
-927
-223
-214
-619
785
-478
-655
-21
-915
713
-65
735
-117
-814
-904
-352
-915
-248
-479
260
982
-364
688
919
236
-208
65
278
-802
496
-614
11
-24
547
-879
202
245
-298
-436
539
-428
-743
-630
920
654
359
80
298
391
960
-490
591
867
-967
675
-864
-501
775
790
-624
256
-728
-297
86
-33
515
542
495
566
-544
-814
-563
198
-374
-636
85
665
-92
-660
360
-186
154
-988
752
338
-294
-475
-370
249
179
79
-687
-162
-483
-579
-855
991
969
839
-692
-435
762
473
681
970
147
53
-292
-492
-285
-571
66
689
-337
771
541
-741
-369
572
-486
-34
988
-830
-832
-801
-345
850
444
-64
-722
406
427
-687
523
-629
327
73
461
-827
934
102
587
417
463
-847
-874
-405
495
213
-594
370
859
305
-504
-167
-777
-148
879
-481
-874
793
585
465
371
444
107
271
-913
-901
-481
-404
715
552
-508
-247
-743
590
-41
357
-114
809
865
686
-981
-741
-687
-565
28
-899
-532
-131
-544
-269
578
-926
395
-157
274
316
24
-489
-415
722
-29
-943
-905
-826
38
-817
-342
295
722
-17
-769
503
-768
-700
590
480
408
505
-298
-142
818
-443
561
-880
28
656
713
332
92
182
-533
320
358
74
987
94
-17
364
264
714
-254
-610
-575
-745
163
467
792
-769
-381
-120
-282
-872
948
-280
79
-909
766
587
808
-874
-175
159
518
220
-965
314
456
-853
156
-866
360
-249
-792
478
-706
-411
524
976
694
-910
-811
372
419
-699
702
-156
-477
-461
-391
827
-363
-814
416
827
169
623
-101
-486
-585
644
436
669
-622
676
858
952
846
137
915
-12
-384
288
-618
-926
-667
915
56
656
-938
616
-476
-871
442
984
-128
49
396
-974
-418
-798
-225
416
-335
-448
-241
-245
417
-156
554
443
-176
999
-578
-879
733
413
917
793
873
-940
175
74
985
-499
622
208
395
26
-280
-709
988
-71
72
-23
-807
-992
-746
-78
-124
137
-184
803
90
912
-711
253
979
299
-678
-98
602
-631
-346
-271
734
-562
-726
226
-537
-866
-28
-652
-547
503
-693
518
-667
437
-305
179
-339
144
659
-39
907
-424
472
-355
592
-28
-372
-804
-189
535
835
229
716
532
-44
-842
749
-380
296
724
120
-474
-594
-17
445
-426
691
-412
-462
-336
-896
-123
-647
-58
4
-377
-148
625
611
842
-276
149
-865
590
-854
328
855
804
741
-91
381
-221
102
-917
-308
-468
312
-901
-839
47
-595
290
569
959
-372
-861
228
580
-529
778
440
-544
-852
444
-255
-875
210
-302
616
180
-185
-936
-774
472
479
593
-518
5
-464
333
105
587
-268
638
165
64
-482
-601
32
508
896
438
978
-362
-755
-941
-831
-256
362
-231
49
-482
-533
-442
-857
61
603
190
-814
226
603
4
300
768
-577
347
396
-434
230
665
-848
-1000
617
173
-214
-332
597
579
-776
728
-740
-842
425
267
312
-266
-548
169
562
570
-789
235
-110
711
-936
-250
-40
545
-233
754
-213
-783
-435
942
-912
-727
-185
579
-163
388
269
886
830
-191
-360
321
-681
881
626
20
411
-546
893
984
-643
-1
-664
-171
950
457
-595
-635
-666
-951
94
-408
270
-881
17
313
253
-883
-23
160
505
-847
-409
-438
576
-146
-928
134
16
50
193
945
852
-253
-479
-939
-656
-741
-634
-115
-561
-282
107
268
554
-950
432
799
-980
-265
98
-208
916
-818
29
316
59
758
-417
-601
135
-643
-930
271
-658
780
877
-594
-705
686
-597
-748
718
35
285
-572
-322
960
-899
-51
-636
-615
626
157
-263
-159
-62
593
96
33
-507
768
873
935
109
-904
-619
561
739
584
923
-501
-269
849
442
-394
-150
-713
-960
-231
223
588
-533
-917
400
158
606
-62
463
-80
-634
758
685
23
-771
298
356
470
175
-804
683
988
619
-54
-810
-725
-531
519
-659
-803
-455
654
158
-942
794
791
341
-163
-100
232
-325
736
438
958
-420
85
13
284
253
-273
-715
-574
670
-464
281
370
-451
348
77
-801
-165
573
-863
-649
-269
617
233
-429
376
529
731
44
-658
-533
-1000
528
-84
-366
-1
757
240
-419
623
941
131
749
539
299
575
-901
-637
245
-274
-799
-576
-917
389
-265
-976
-105
-255
-830
483
-283
-608
-248
324
773
740
-745
-532
-930
-157
-970
756
-235
114
-20
458
-642
-876
-992
311
-333
717
928
590
99
-420
870
-10
412
-1000
-936
-725
-916
682
911
-894
868
-356
826
-564
366
592
-12
-162
865
212
947
446
659
52
771
256
110
-943
-334
-750
-330
145
925
148
874
774
43
429
536
-237
-984
858
934
301
-939
-345
815
174
-418
-861
-918
-976
-100
575
337
376
300
424
864
-463
-305
-475
-371
-149
788
-206
744
706
-925
-929
-510
884
-181
979
195
158
-193
-155
374
438
156
-180
-568
766
222
-43
-447
-729
-45
389
625
-971
128
-961
527
-606
-510
648
-946
517
-808
-470
-382
148
-944
-10
-718
743
-561
301
493
927
-731
-607
33
-569
592
135
26
842
80
-384
-39
-283
907
920
245
-834
-879
782
-218
6
-509
870
-385
-805
143
763
-229
592
-65
217
412
881
467
-279
-48
322
828
-770
-571
424
699
-847
-849
794
41
264
-617
-280
-856
-612
-923
-787
202
-342
-798
753
-751
58
-425
-910
-362
-177
395
-299
205
558
123
-713
41
-974
-470
-791
-180
-65
43
-469
674
902
-900
71
-225
9
-570
-206
-378
736
-110
15
-548
-246
782
933
188
855
960
945
923
-458
-341
-513
943
347
-416
389
668
788
198
-720
479
-293
813
-140
447
846
271
-818
-656
142
-552
636
-647
549
888
-177
825
251
-810
639
-954
362
775
624
-922
-15
-897
-219
-623
-650
-952
-830
-506
-784
-271
726
-962
915
-328
-648
862
-579
667
128
465
-671
-741
-918
389
-14
419
-265
-860
-334
632
485
822
-997
161
896
-859
-850
-568
872
-639
-230
-687
165
645
-880
810
-872
970
-379
596
4
-486
-201
210
269
552
-765
-529
-656
830
-618
261
-605
151
-334
-917
-290
-242
372
-705
906
-986
452
-716
905
812
-979
-659
-425
-710
525
-389
-833
-18
783
387
-207
-950
679
-732
274
-116
-371
-665
-540
-895
511
-8
824
550
16
-940
801
-241
309
-77
-933
300
225
-744
140
-952
655
807
-551
-509
-240
-618
-164
-781
-730
679
725
519
-191
-299
-369
-676
807
-275
-699
-717
969
-512
164
963
-876
534
770
-149
997
724
511
-933
-735
-160
379
-45
-972
661
-568
-773
-840
-861
-334
-763
-952
-152
-596
48
565
-779
-867
175
-759
-486
-853
362
954
676
454
658
721
-216
-312
-534
-884
-144
-820
-571
-463
629
-611
843
4
-899
384
-80
987
136
52
582
528
-634
472
193
-42
-821
-17
987
-177
-603
96
-406
-99
653
-480
-497
472
-980
932
-47
-176
33
-943
665
-268
-720
167
-34
690
-132
926
-172
479
-856
703
449
-167
-997
-90
240
27
610
-473
282
-607
187
863
961
-435
-401
251
318
-919
558
-897
-642
238
178
464
457
-428
221
-78
756
-133
260
298
343
234
-159
-981
352
-938
-589
-189
793
405
-119
651
760
898
271
842
694
84
535
-500
-45
155
-677
-350
-312
939
-990
-983
-68
-52
210
495
-581
-352
-811
-829
851
695
223
637
-351
800
-593
-866
-116
177
-188
-359
304
-504
162
-463
-449
851
-268
565
-62
445
228
-806
-474
-822
745
-72
-795
149
257
312
401
199
-273
-308
-647
795
-458
-433
149
-624
-745
-258
-252
-897
-185
-953
73
-35
-251
-863
-831
-669
970
-947
-232
-948
178
156
-19
-305
586
929
-269
-722
859
-248
89
958
-762
54
972
-792
656
-829
-853
-497
511
-826
-181
-893
-795
-401
-212
261
45
-565
492
732
-924
-333
-597
-633
-101
54
-833
212
-886
-871
793
977
854
12
-169
-111
326
-353
299
-511
674
836
-388
-613
957
503
491
-518
-171
27
361
-48
-504
646
183
597
554
32
-898
945
-524
-776
81
-805
623
632
-657
-398
369
282
989
-563
599
-965
179
654
-348
399
-650
-868
-55
293
871
-351
-410
204
-823
705
319
-250
-472
-772
722
668
-215
774
184
-349
-116
37
-85
189
681
74
759
850
-454
260
-573
-767
421
161
818
546
350
263
-539
846
458
594
371
945
502
-754
-580
254
953
760
586
419
-265
-384
-887
335
-408
18
265
370
-664
-475
-254
644
512
482
-185
105
726
201
-227
306
80
593
990
-409
-786
223
857
-300
-151
-678
285
-238
-298
268
374
152
848
235
-362
-238
-763
-728
792
-800
-657
519
481
370
-9
145
984
-286
85
-921
-601
-718
-614
119
-350
-807
-815
516
-392
888
499
-575
-104
769
331
814
502
970
537
598
77
398
-149
888
-537
53
505
741
267
662
655
-919
695
618
-128
94
670
-462
121
445
-477
-757
-635
-282
135
-63
-401
499
192
-446
124
-969
-934
-571
-278
556
818
875
692
910
-639
132
728
-478
149
277
826
348
278
777
-662
175
-56
-875
-861
821
-660
640
966
81
-852
547
951
-93
551
110
-443
77
9
-597
576
-460
-977
-426
454
-631
906
-515
-1
-952
930
-427
-342
816
-116
-627
-969
-396
783
791
422
-990
-13
-636
-432
994
-421
-977
1
657
-859
285