-959
-533
-666
-500
169
724
478
358
-38
-536
705
-855
281
-173
961
-509
-5
942
-173
436
-609
-396
902
-847
-708
-618
421
-284
718
895
447
726
-229
538
869
912
667
-701
35
894
-297
811
322
-667
673
-336
141
711
-747
-132
547
644
-338
-243
-963
-141
-277
741
529
-222
-684
35
-810
842
-712
-894
40
-58
264
-352
446
805
890
-271
-630
350
6
101
-607
548
629
-377
-916
954
-244
840
-34
376
931
-692
-56
-561
-374
323
537
538
-882
-918
-71
-459
-167
115
-361
658
-296
930
977
-694
673
-614
21
-255
-76
72
-730
829
-223
573
97
-488
986
290
161
-364
-645
-233
655
574
-969
-948
350
150
-59
724
966
430
107
-809
-993
337
457
-713
753
-617
-55
-91
-791
758
-779
-412
-578
-54
506
30
-587
168
-100
-409
-238
655
410
-641
624
-463
548
-517
595
-959
602
-650
-709
-164
374
20
-404
-979
348
199
668
-516
-719
-266
-947
999
-582
938
-100
788
-873
-533
728
-107
-352
-517
807
-579
-690
-383
-187
514
-691
616
-65
451
-400
249
-481
556
-202
-697
-776
8
844
-391
-11
-298
195
-515
93
-657
-477
587
314
503
448
200
458
-382
-420
796
-202
281
589
-202
-991
157
-528
622
-462
-708
-962
-821
-810
657
958
-809
815
-112
156
511
-798
-366
-728
-945
-672
-354
-638
-114
-125
-567
869
-858
844
416
881
998
-678
-349
-979
699
557
-524
892
-611
75
-288
-400
-490
3
-131
861
-312
401
789
255
-577
2
-415
-818
-715
88
426
-383
757
832
-68
-831
-846
721
189
976
329
-632
-308
425
-445
434
-451
441
512
-855
-940
718
753
-861
-577
-721
996
-313
-471
-451
437
866
-51
-807
195
297
-584
-714
-895
-512
-718
-545
734
-886
701
316
-329
786
-737
-687
-645
185
-947
-88
-192
832
-55
-687
756
-679
558
646
982
-519
-856
196
-778
129
-839
535
-550
173
-534
-956
659
-708
-561
253
-976
-846
510
-255
-351
186
-687
-526
-978
-832
-982
-213
905
958
391
-798
625
-523
-586
314
824
334
874
-628
-841
833
-930
487
-703
518
-823
773
-730
763
-332
192
985
102
-520
213
627
-198
-901
-473
-375
543
924
23
972
61
-819
3
432
505
593
-275
31
-508
-858
222
286
64
900
187
-640
-587
-26
-730
170
-765
-167
711
760
-104
-333
285
-450
-860
694
-305
624
-981
-875
-424
694
-342
-698
371
-534
-322
-407
851
484
18
-536
119
152
-200
-913
60
926
10
-243
-830
-685
576
-773
-957
-242
164
109
882
86
565
487
577
-526
-375
627
629
928
423
-480
-98
-38
-877
-404
737
261
-805
-475
264
-740
-798
-884
30
-674
11
-229
-589
547
153
520
790
-76
-812
763
-60
-149
-338
829
-100
713
-42
578
-635
7
477
200
-942
-561
-697
-240
357
-676
-523
108
113
-113
801
-150
-540
-572
-7
384
405
-460
111
-296
-165
-644
-928
350
-177
-515
-444
216
626
357
-474
357
337
271
869
361
-104
22
617
-888
-283
-304
585
-959
-577
-871
-771
-435
-441
-68
-704
855
-947
-38
584
734
-346
-28
457
-631
-468
-37
-393
-517
-89
635
-933
-152
-325
-62
-777
-858
754
-489
-259
-825
459
825
221
870
626
934
205
783
850
398
-721
-299
-807
-266
637
-466
556
993
-824
705
-38
-452
881
-700
-587
-359
855
-145
142
462
611
-123
-576
-322
752
-557
-704
-327
-960
313
-125
-928
-182
-390
17
-68
-888
-305
169
831
-960
-512
-315
90
497
-411
990
145
353
314
-349
-260
-956
258
-665
-241
192
605
264
-819
-497
829
775
-392
292
997
549
556
561
627
-533
541
-871
240
813
174
-399
-923
-785
-317
-787
992
824
601
392
759
-330
-572
-973
-916
-925
-214
498
-30
-713
847
-396
-497
221
-337
706
-637
10
-829
489
-760
-836
542
619
-87
591
-296
818
232
-250
205
-25
539
-697
422
98
247
584
648
-29
864
-87
75
545
-288
546
-322
769
262
-481
985
-711
944
-135
-460
245
508
-682
870
601
-677
132
-528
152
87
-430
763
901
103
-577
527
600
-31
-985
565
-972
543
347
-912
-57
-363
-591
-537
49
-319
588
342
-392
-940
221
758
954
-112
-854
-310
949
-157
430
620
-252
67
-464
-217
-965
-774
185
38
853
629
224
748
923
359
-743
-234
-56
-45
318
-274
411
25
-645
1
-451
496
-416
515
964
342
-925
913
-858
196
948
72
-574
-394
-827
-571
-596
-295
-374
812
375
-907
-435
-964
-264
141
-186
994
-744
-348
936
-162
-518
355
15
131
-770
841
-375
-989
-363
-814
690
650
662
634
-107
-647
416
452
-992
262
-767
454
-697
-366
-697
-744
-852
124
-683
-787
109
-972
200
80
318
-142
-950
-845
361
264
903
676
643
-91
-98
561
-511
-52
282
653
-326
-780
402
-77
831
369
878
-741
8
-381
971
-997
945
781
-496
-608
-315
313
-302
589
-278
938
37
-590
461
-766
-492
961
959
-507
515
269
-63
-131
-942
-300
971
-736
117
-785
-445
815
-670
39
-788
288
-918
954
-915
-290
-516
-226
-620
815
951
-459
-885
679
110
898
73
-212
977
-868
956
-311
-887
-992
-59
790
723
363
-972
184
-222
200
71
885
974
71
333
-133
-847
-705
-832
-175
676
629
-350
-402
309
-307
-314
-920
-884
-751
-333
528
-321
864
421
-595
-174
-184
516
726
-334
87
681
964
340
686
-979
662
-279
-936
309
-585
902
873
124
941
-255
762
-577
531
-194
-732
318
602
907
-693
481
12
136
-370
-886
-191
-916
556
-710
293
996
152
54
345
-292
-752
491
712
131
-886
-561
958
-278
704
-5
52
269
479
-762
-577
918
-134
659
-502
-514
196
462
-367
-842
-978
146
-608
37
925
-353
458
-398
-193
-902
830
292
-400
278
-201
-648
-552
882
-460
-685
-425
-238
567
-664
-603
418
897
828
851
-184
-770
-551
-75
-342
-771
-480
-60
560
147
162
655
-325
-208
-639
754
-602
146
-286
-54
188
569
-362
663
75
-485
521
-525
615
-472
234
-430
-95
464
557
-38
-839
-476
-451
469
-670
923
-650
-667
-75
-90
737
-664
-663
278
-607
636
-286
-836
591
949
135
-495
337
-996
-663
-377
-336
970
608
-432
281
85
152
-627
-348
-806
876
826
-604
572
-751
-360
174
-181
-57
-389
941
-711
-581
565
805
585
-784
450
615
-391
64
166
-107
-926
509
-700
695
573
589
161
172
968
358
-969
-732
426
-490
-578
-226
-221
-90
552
-818
391
495
764
-126
364
-98
-745
-540
-526
-28
-179
-878
547
577
789
605
-805
594
950
-657
-246
-519
12
672
439
428
912
762
967
-592
-585
908
223
759
-566
204
486
-681
-42
945
-194
-834
-300
367
692
787
-468
-444
-26
447
21
-717
-778
331
-624
-417
-52
-277
982
-982
-224
220
111
-818
856
490
-75
-676
-514
677
969
643
534
677
-332
68
991
-804
783
-172
727
426
871
-303
612
-297
27
408
545
508
185
-762
-763
-557
313
-499
-150
128
-889
650
-851
192
454
869
-319
465
-733
713
793
-366
472
-28
-170
-99
-558
177
877
770
-298
-636
381
-410
-177
-763
-977
-821
-405
-831
-673
-958
310
-818
58
926
487
670
-472
651
-742
213
860
783
286
-258
-390
-528
128
-566
841
-282
503
-133
-135
-62
881
257
-250
-386
-402
-542
-339
-937
-244
-193
-722
489
435
-635
-925
586
386
833
-640
330
-952
-72
492
-567
840
-234
735
810
599
837
892
982
328
352
369
244
794
-392
252
647
432
535
208
264
497
243
649
-985
-159
-811
-900
812
-352
523
851
-526
-367
891
200
854
990
697
-81
780
-422
-69
-456
340
487
-101
-475
-517
538
492
-807
-748
11
560
834
840
497
-215
-471
540
-195
-209
392
210
549
578
-21
-29
277
-927
-807
620
497
826
276
790
-418
578
159
-582
-511
-841
449
-76
72
-620
8
967
-792
-523
-497
370
-393
-804
-926
722
-389
19
-239
56
-110
163
-317
716
932
452
-259
-46
-187
-138
-604
460
-385
-96
-401
-864
-320
198
32
-613
-416
240
517
6
-330
-759
-118
249
523
758
-895
621
95
296
916
678
-822
579
58
577
-250
-993
729
-919
-5
-322
-324
753
-101
784
565
93
608
-828
243
929
514
-832
55
191
973
-78
-252
651
-14
-856
-554
577
-483
-371
916
874
791
469
-88
-854
-307
91
815
-51
-143
-360
-948
-764
-449
487
226
-838
-45
183
-606
-820
-903
65
65
-487
261
-422
78
-122
-860
-389
947
-555
-830
975
489
-250
-851
333
865
-786
282
7
432
-104
-633
-478
-118
810
641
231
-813
-295
-521
-679
-462
351
447
-792
646
-724
759
-811
-578
666
-514
455
-972
614
-140
253
777
348
-497
-139
-569
82
-545
-803
-894
-248
821
296
-719
-979
-545
947
124
-682
135
376
774
859
-2
-926
253
-78
-365
643
-112
-847
232
-253
-320
926
678
-550
-199
-39
-801
-145
-637
716
-427
561
245
-527
-726
550
-647
181
-713
-301
-890
-357
465
172
-471
981
-888
476
-619
-753
-110
-329
-195
-628
-968
989
320
165
431
658
293
206
-422
-52
-794
171
-834
396
-303
20
694
529
-212
-891
984
969
-22
617
-985
-374
684
168
906
928
-903
-882
-610
199
785
-514
199
-580
-290
-729
813
415
-915
-682
580
331
267
-613
444
186
-493
-640
827
-926
-569
152
-729
-732
-307
885
-663
311
604
-323
-594
768
22
413
0
-458
537
-962
388
355
289
647
181
93
-416
-13
-239
-507
-783
501
482
447
665
-247
-896
84
95
525
-779
964
781
-128
-894
656
343
-407
80
-920
-132
411
713
-32
251
216
-921
-232
40
531
-67
779
-337
-741
-347
936
-905
-635
874
720
-165
680
-24
-545
725
-929
-192
559
156
602
832
905
-560
375
562
-115
962
80
836
-203
202
-492
-920
340
-924
58
493
740
-454
-526
-227
97
-120
335
72
400
-293
-45
-334
-859
588
-519
168
-685
396
-775
9
-988
-864
455
-238
43
-258
-979
922
-488
248
-982
368
717
714
650
290
335
-241
169
895
303
-360
979
-801
105
-209
-339
-319
652
-247
-967
-971
987
42
-747
-917
420
814
-282
-756
63
229
-348
-136
-231
-530
5
47
594
487
-674
276
323
-460
679
990
-412
-290
271
945
221
-530
-817
589
955
-22
-221
6
262
-865
487
196
33
-912
-65
779
993
-210
-38
-35
1
105
807
-433
-331
134
-329
457
-2
545
597
-782
-162
-156
372
-437
28
264
-199
-277
490
604
601
-773
197
692
771
-637
301
-637
721
565
421
445
-390
-505
-259
22
812
151
15
-945
393
-262
279
882
608
-346
822
-293
-755
338
-856
-710
339
154
-396
-377
-775
-922
724
981
-670
733
-777
-406
130
-154
-13
445
-195
-384
750
-511
338
963
-865
-303
-791
630
224
908
-263
-526
920
372
-707
855
-266
561
56
606
-816
75
-618
-881
-259
-568
-316
-221
-721
-717
-333
-164
-875
-882
-263
-972
-881
-423
-263
-909
-444
-205
-940
901
-207
432
-864
-420
-125
907
184
-926
-281
-210
-524
-959
351
-671
-710
-26
72
591
-811
787
490
239
-107
53
63
-319
903
5
-824
-521
695
-861
-532
998
83
639
515
621
993
826
722
838
-172
-419
-601
-22
891
23
-57
-166
-757
349
-298
-293
-498
141
-313
-654
891
-363
-587
400
-184
690
162
-65
126
410
877
382
-740
189
-295
874
-337
-278
-805
-434
-640
-962
-412
811
-755
467
-575
-133
189
-458
63
547
-498
617
99
23
226
203
-952
51
570
-364
458
967
-544
405
531
962
-181
975
-444
531
495
-956
-409
-197
388
-85
450
-681
-728
791
383
-867
775
-358
569
-700
954
-922
585
-743
333
-107
-510
-897
-250
233
-278
-729
611
-10
-662
641
258
47
-648
658
-521
302
-317
-10
-998
568
-578
-105
-865
-992
-639
-258
-806
699
188
-822
-958
357
941
847
469
-655
-620
913
-36
710
-939
385
-927
504
462
-297
-898
69
154
529
552
-926
149
730
-756
-156
49
-882
-935
-637
552
-227
-530
731
-253
511
869
-602
-502
103
352
679
-947
43
-478
88
563
834
850
22
240
911
492
651
-420
477
616
876
178
220
-385
-652
-202
-821
635
-143
-117
662
-98
-738
420
770
22
273
841
-314
-112
917
717
892
698
267
749
-935
-611
-68
619
-919
-997
130
28
-369
-411
152
-370
172
864
-593
-705
428
681
-510
-390
-823
71
236
-541
-357
-160
633
37
893
-370
-726
-7
-218
-797
461
-710
662
-693
-3
151
-577
-110
-283
-360
-297
566
-117
661
-341
-755
-614
-349
-235
601
-160
209
497
283
250
-942
-579
-825
-419
-213
271
-713
999
-496
-21
-862
-300
-470
-539
-882
-795
540
-172
-541
622
-602
760
98
-65
-519
-386
567
-507
-404
161
746
-462
670
-462
476
555
-83
-629
-240
752
758
433
-745
65
-274
-599
34
-241
-607
-452
273
-208
-807
-67
-863
103
690
-789
694
-332
-373
498
-11
248
879
647
149
-69
-331
-125
598
449
436
-401
-877
443
731
-846
-139
-566
385
967
-184
393
-296
866
-47
-692
-777
-316
-208
-333
-952
-531
930
-189
814
-910
427
743
604
-401
-526
195
-494
158
589
858
809
889
447
-960
818
364
975
-974
89
-497
-934
-588
-160
-430
-324
395
-359
986
651
109
-813
-917
85
390
250
-314
-245
381
-872
502
-723
-138
-576
565
872
-168
-115
-572
-354
-111
-522
-117
-75
265
260
45
-222
821
855
-480
-73
-227
134
251
-325
336
-666
1
-263
310
974
590
-644
71
-920
-65
-855
282
825
-282
573
-288
37
-2
905
162
717
-308
539
-953
-54
103
-769
-885
-161
858
-171
-355
394
199
645
-728
-325
862
-928
773
-520
238
-103
542
608
203
277
-875
-866
401
78
-618
-831
-264
478
939
138
-279
426
-337
677
575
-276
981
700
961
-138
-998
-552
95
-316
-984
137
507
993
284
-56
-741
-179
58
-357
668
-323
-881
857
41
-109
264
623
-85
-928
929
-159
-285
615
-464
-43
759
-300
452
93
-759
829
-552
227
798
-776
-676
-726
-867
-115
38
-830
-138
-371
84
909
-122
-77
85
400
24
-807
105
412
765
767
407
-323
784
-296
-210
834
-109
-379
-915
734
190
-458
998
-914
-982
621
-576
-403
376
-746
669
-892
-73
-507
-932
-634
102
-562
-400
-181
-682
-710
-16
-661
-444
808
-368
478
-186
787
239
-926
20
-173
-446
988
441
-202
642
2
-679
-896
946
56
-491
833
708
761
-467
-314
-196
-615
-858
-158
260
-839
620
-657
578
187
-887
63
-409
934
-585
-344
761
12
-589
959
-749
-262
370
-876
507
-993
584
-49
101
-511
-42
441
790
13
-588
-145
60
93
-528
402
-324
543
373
-734
651
275
528
-468
-239
469
-497
-271
107
892
-549
953
-608
-430
519
472
407
-506
505
-560
-617
-738
409
-393
-962
-640
471
171
-346
947
514
-477
229
-511
-234
887
756
-368
470
739
-334
-478
283
-840
553
-295
91
259
386
687
-371
-958
-683
-955
-644
388
452
154
-534
833
760
-81
631
-262
267
776
98
-686
-680
53
-993
-531
-784
722
842
7
463
-740
-53
793
-370
-283
43
376
314
-374
117
334
-380
-829
-208
-36
154
-134
-307
-336
775
0
-788
100
551
476
-621
-57
877
789
-639
385
-728
434
144
561
563
-496
-54
888
-692
-843
430
123
-536
-926
-654
837
981
318
-389
-708
591
832
123
-539
-9
461
330
-502
369
291
-600
-821
-883
-683
914
595
441
936
867
28
453
909
973
981
503
-431
-184
883
367
385
-598
230
157
-319
567
-690
866
687
171
477
245
-236
-762
671
-953
-885
-408
311
-343
405
-947
171
-420
-260
-470
675
-680
790
377
-2
-414
604
-511
631
744
-612
-390
-282
-81
-741
927
-391
-881
479
-284
-700
396
-147
458
-170
-407
-194
849
-146
-728
-840
-706
-946
-667
-854
-771
-529
-572
-441
-759
421
-312
-634
-967
-315
-730
329
-739
-140
-792
-18
-838
-494
-122
979
897
887
-462
-531
-217
540
-205
266
-367
509
-443
-683
-866
-947
-865
-742
-407
843
693
-534
-49
-860
94
-63
174
-488
-903
551
-305
817
492
292
-763
530
-387
296
710
-611
628
809
-214
744
-160
-818
-431
-880
393
-708
-38
-786
-473
-193
194
-295
-287
11
-87
-307
664
-797
-5
762
-619
-54
909
48
768
-376
-489
954
-765
127
-367
-760
862
127
577
817
-660
-858
100
-600
-442
476
154
-65
-570
831
295
537
623
922
-73
-971
-789
-789
754
-120
-747
293
321
-215
-472
-557
0
-445
-329
270
452
375
-369
640
-66
-960
986
-166
-752
539
-235
-204
-688
262
52
-269
987
-536
-443
-752
556
-830
450
182
301
293
-901
332
44
-669
-925
4
50
26
-934
738
801
623
843
-559
380
695
918
659
363
-372
-671
88
-146
-387
-21
-431
-334
679
577
837
402
115
292
723
-128
448
-677
153
948
-605
197
-492
-92
411
993
665
-219
202
610
-172
256
705
-35
-977
-231
715
-747
805
684
478
-855
840
-167
285
-100
-32
994
-367
885
-652
-719
-968
-744
910
-128
-18
901
-694
-365
860
-529
527
137
-657
768
-767
995
171
603
-58
-989
879
34
-488
-407
-470
-839
234
-742
926
906
191
-557
-812
-773
-281
-516
224
93
-565
224
-906
582
-133
-373
-995
146
-314
-411
-460
-763
-150
-241
578
-44
-323
-597
-958
-700
811
225
143
595
16
-385
-196
6
-632
641
-665
-302
325
-687
-977
-688
-382
-543
-604
-661
86
-906
846
43
522
-89
-720
455
-642
-153
-130
-10
873
-673
413
454
896
-528
-550
241
-359
646
525
-787
-176
929
-305
403
-406
993
-933
-813
-360
79
-959
-875
-466
-140
0
-93
-379
692
293
117
717
-597
943
893
-361
11
-75
-972
978
-252
-150
-108
-556
-346
623
-647
-964
547
346
-174
-939
904
-762
571
-114
-595
299
-944
728
267
751
-981
991
-834
717
846
93
187
421
-88
-133
-701
-556
897
201
328
-58
104
768
768
-359
-704
262
-280
244
918
625
219
584
-826
-16
-541
149
14
695
-497
32
851
537
-186
-637
-349
219
-710
917
683
918
-416
252
586
269
-752
-863
-603
-576
168
-973
-852
993
-618
271
669
-107
-123
14
104
-516
-57
495
-189
293
-108
-202
990
299
-110
-507
74
549
774
314
-827
-931
218
-135
-167
238
911
252
-537
-492
149
88
-755
-769
920
-894
271
-632
-579
258
-843
647
-18
-762
-878
723
-94
-294
-811
156
-655
-649
-77
118
550
-903
836
-409
406
-490
813
-349
880
844
-257
741
245
-422
-51
705
-486
785
227
-376
204
-644
917
-773
-445
-898
-714
468
698
-21
411
-511
-242
490
-225
-590
132
89
296
950
112
-878
-471
672
836
-723
553
976
-330
85
-348
751
-603
751
1
-565
-307
72
916
-284
328
511
-875
838
296
-61
544
56
-174
-98
-242
-412
-979
-414
-892
777
-372
979
-53
-451
280
245
128
-938
-574
-281
-323
91
-953
785
231
406
-316
954
-231
-291
956
-579
945
465
-984
860
-503
-665
190
677
-951
5
886
388
-325
143
377
-870
-513
-445
-518
253
0
754
-711
-512
215
-992
310
-60
799
-3
707
-546
-696
-763
-515
-501
-208
613
-388
-318
-17
351
-871
137
33
-400
864
683
857
-32
710
968
708
-359
732
-563
684
-501
-299
869
-417
256
692
640
-913
12
810
820
-165
663
-385
897
-323
-226
-866
553
533
-122
-714
624
-266
-925
349
-288
-16
-376
792
-496
-178
-945
-87
-538
-527
-916
-840
122
-947
397
822
750
337
917
-994
-69
-803
505
236
-643
-401
-710
898
-15
447
84
-408
-275
-4
855
-172
338
342
-572
795
-258
-963
506
-233
53
793
-495
-854
609
924
854
465
-761
-794
-791
492
-501
-825
36
61
647
618
13
-273
712
896
909
841
-870
90
34
915
-714
523
-334
344
-264
-963
416
893
949
-29
-156
-223
285
-800
-410
-715
-675
118
668
-994
729
-992
-459
-775
536
980
-284
-530
384
-253
-672
936
-796
-300
523
-636
411
-960
-750
504
483
766
-859
-330
-155
-494
88
256
107
-734
857
-322
-801
-326
-845
191
-10
832
-142
-4
-83
-710
967
707
-766
-754
462
402
-761
426
95
-94
-686
-650
-414
279
776
822
-121
-699
812
676
164
357
-430
-962
-688
-856
-439
-820
-800
-357
856
-939
-353
939
808
290
452
-21
-382
419
-993
-716
-453
977
675
-387
-291
371
-358
-661
-664
-379
501
-966
-871
358
436
-531
-103
-496
-202
-798
105
238
32
-935
-484
-519
579
23
727
771
313
-618
-860
-184
-512
319
589
513
-741
-149
-729
283
-636
38
12
184
759
501
574
-267
59
714
649
-405
-478
-459
-584
377
52
-435
891
-862
310
-33
55
787
224
-778
-561
441
-352
-196
834
368
441
-128
-332
974
176
137
-367
241
745
-982
15
-26
252
-154
-44
524
-34
581
-856
-760
334
296
876
27
205
-982
-709
641
465
-809
-529
-741
700
-783
-984
943
-376
64
505
157
502
666
275
-954
632
789
-954
-855
-997
152
901
-674
153
184
649
-650
-595
-654
25
-30
-664
-205
793
323
532
-144
896
210
776
692
-450
290
795
852
350
-685
-964
361
760
984
-271
-466
-950
-918
-194
936
584
-210
617
182
66
116
-612
425
101
610
-550
982
-379
193
38
-246
-407
-105
-720
638
167
420
-655
-117
865
-304
-167
-610
-368
-811
839
-817
817
-871
-247
-321
-387
-400
-748
145
861
-849
-682
-37
813
-93
554
476
-383
211
429
-736
966
531
942
-302
522
155
587
257
158
-536
762
-490
-54
65
-620
165
946
540
297
-958
-536
194
-416
-730
-285
-800
206
-894
302
-304
-167
611
67
-585
-355
-825
-646
448
-81
79
988
-679
592
597
-803
509
-348
-929
-342
-878
-141
997
-1
899
-880
320
-964
-16
-88
915
953
485
-259
-801
567
-792
-156
-831
681
-121
108
207
259
706
849
-925
-974
-876
607
774
-116
-872
-454
145
-519
714
-851
-832
338
-693
-207
504
105
697
-783
955
-359
-657
-867
-903
-321
-264
555
633
954
-70
-748
904
-721
-512
-130
754
-928
-824
-299
415
-914
-769
480
975
-740
-486
-62
-343
-10
438
-19
447
242
-382
-930
631
-939
219
-219
-10
-167
-328
563
302
-498
-72
-279
-102
447
-55
-594
-778
-314
794
577
-156
-317
547
240
-515
-536
723
-663
-347
168
-870
255
466
-142
-488
656
318
201
-858
276
506
-298
-316
23
-730
-688
-750
475
-689
-150
195
488
520
-899
-817
-202
892
-152
-216
-755
-813
-538
-657
-742
-141
-129
-984
-828
-168
-559
683
-912
-985
976
-484
-702
-961
283
205
997
146
769
675
-83
387
20
-970
442
735
-611
-627
480
-927
-223
-214
-619
785
-478
-655
-21
-915
713
-65
735
-117
-814
-904
-352
-915
-248
-479
260
982
-364
688
919
236
-208
65
278
-802
496
-614
11
-24
547
-879
202
245
-298
-436
539
-428
-743
-630
920
654
359
80
298
391
960
-490
591
867
-967
675
-864
-501
775
790
-624
256
-728
-297
86
-33
515
542
495
566
-544
-814
-563
198
-374
-636
85
665
-92
-660
360
-186
154
-988
752
338
-294
-475
-370
249
179
79
-687
-162
-483
-579
-855
991
969
839
-692
-435
762
473
681
970
147
53
-292
-492
-285
-571
66
689
-337
771
541
-741
-369
572
-486
-34
988
-830
-832
-801
-345
850
444
-64
-722
406
427
-687
523
-629
327
73
461
-827
934
102
587
417
463
-847
-874
-405
495
213
-594
370
859
305
-504
-167
-777
-148
879
-481
-874
793
585
465
371
444
107
271
-913
-901
-481
-404
715
552
-508
-247
-743
590
-41
357
-114
809
865
686
-981
-741
-687
-565
28
-899
-532
-131
-544
-269
578
-926
395
-157
274
316
24
-489
-415
722
-29
-943
-905
-826
38
-817
-342
295
722
-17
-769
503
-768
-700
590
480
408
505
-298
-142
818
-443
561
-880
28
656
713
332
92
182
-533
320
358
74
987
94
-17
364
264
714
-254
-610
-575
-745
163
467
792
-769
-381
-120
-282
-872
948
-280
79
-909
766
587
808
-874
-175
159
518
220
-965
314
456
-853
156
-866
360
-249
-792
478
-706
-411
524
976
694
-910
-811
372
419
-699
702
-156
-477
-461
-391
827
-363
-814
416
827
169
623
-101
-486
-585
644
436
669
-622
676
858
952
846
137
915
-12
-384
288
-618
-926
-667
915
56
656
-938
616
-476
-871
442
984
-128
49
396
-974
-418
-798
-225
416
-335
-448
-241
-245
417
-156
554
443
-176
999
-578
-879
733
413
917
793
873
-940
175
74
985
-499
622
208
395
26
-280
-709
988
-71
72
-23
-807
-992
-746
-78
-124
137
-184
803
90
912
-711
253
979
299
-678
-98
602
-631
-346
-271
734
-562
-726
226
-537
-866
-28
-652
-547
503
-693
518
-667
437
-305
179
-339
144
659
-39
907
-424
472
-355
592
-28
-372
-804
-189
535
835
229
716
532
-44
-842
749
-380
296
724
120
-474
-594
-17
445
-426
691
-412
-462
-336
-896
-123
-647
-58
4
-377
-148
625
611
842
-276
149
-865
590
-854
328
855
804
741
-91
381
-221
102
-917
-308
-468
312
-901
-839
47
-595
290
569
959
-372
-861
228
580
-529
778
440
-544
-852
444
-255
-875
210
-302
616
180
-185
-936
-774
472
479
593
-518
5
-464
333
105
587
-268
638
165
64
-482
-601
32
508
896
438
978
-362
-755
-941
-831
-256
362
-231
49
-482
-533
-442
-857
61
603
190
-814
226
603
4
300
768
-577
347
396
-434
230
665
-848
-1000
617
173
-214
-332
597
579
-776
728
-740
-842
425
267
312
-266
-548
169
562
570
-789
235
-110
711
-936
-250
-40
545
-233
754
-213
-783
-435
942
-912
-727
-185
579
-163
388
269
886
830
-191
-360
321
-681
881
626
20
411
-546
893
984
-643
-1
-664
-171
950
457
-595
-635
-666
-951
94
-408
270
-881
17
313
253
-883
-23
160
505
-847
-409
-438
576
-146
-928
134
16
50
193
945
852
-253
-479
-939
-656
-741
-634
-115
-561
-282
107
268
554
-950
432
799
-980
-265
98
-208
916
-818
29
316
59
758
-417
-601
135
-643
-930
271
-658
780
877
-594
-705
686
-597
-748
718
35
285
-572
-322
960
-899
-51
-636
-615
626
157
-263
-159
-62
593
96
33
-507
768
873
935
109
-904
-619
561
739
584
923
-501
-269
849
442
-394
-150
-713
-960
-231
223
588
-533
-917
400
158
606
-62
463
-80
-634
758
685
23
-771
298
356
470
175
-804
683
988
619
-54
-810
-725
-531
519